Date,Price,Open,High,Low,Vol.,Change %
45505,653729,646257,655879,623039,84200.0,0.0116
45504,646260,661854,668256,645383,51520.0,-0.0236
45503,661849,667961,669983,653287,54430.0,-0.0092
45502,667987,682563,700002,665445,85670.0,-0.021400000000000002
45501,682563,678889,682919,670678,26170.0,0.0060999999999999995
45500,678431,679108,693876,667768,67990.0,-0.001
45499,679086,657997,682050,657643,59130.0,0.0321
45498,657993,653639,660886,635009,77460.0,0.0066
45497,653705,659368,670721,651552,52470.0,-0.0086
45496,659378,675504,677502,655129,69580.0,-0.0239
45495,675536,681584,684689,666018,54880.0,-0.0089
45494,681587,671478,683529,658256,47190.0,0.015
45493,671485,666770,675864,662574,32940.0,0.0070999999999999995
45492,666774,639812,673904,633261,82870.0,0.042199999999999994
45491,639805,640904,651020,632535,51270.0,-0.0017000000000000001
45490,640892,650528,660515,638975,66110.0,-0.0148
45489,650497,647492,653195,624308,93630.0,0.0040999999999999995
45488,647824,607947,648695,606788,96020.0,0.06559999999999999
45487,607949,592079,613269,592079,47480.0,0.0268
45486,592098,578974,598265,577706,34280.0,0.0229
45485,578851,573383,585209,565757,56840.0,0.0096
45484,573373,577459,594044,570950,66400.0,-0.0070999999999999995
45483,577467,580402,593938,571853,59600.0,-0.005
45482,580394,567213,582340,563063,64250.0,0.0232
45481,567247,558502,581158,543200,102910.0,0.0155
45480,558611,582402,583946,557563,41120.0,-0.0412
45479,582592,566400,584620,560268,46910.0,0.0286
45478,566418,570257,574711,538834,175510.0,-0.0067
45477,570263,602014,604630,568127,116380.0,-0.0527
45476,601993,621049,622636,594666,73340.0,-0.030699999999999998
45475,621033,628883,632570,617976,46520.0,-0.0125
45474,628901,627688,638421,625580,59940.0,0.0022
45473,627543,609731,630066,607037,37210.0,0.0292
45472,609734,604037,611928,603828,26560.0,0.009399999999999999
45471,604033,616846,621754,600819,58950.0,-0.0208
45470,616853,608483,623512,606294,48790.0,0.0137
45469,608494,618099,624694,607151,54950.0,-0.0155
45468,618094,602920,622660,602622,77280.0,0.0252
45467,602927,632016,633571,585899,120600.0,-0.045899999999999996
45466,631962,642610,645189,631953,19940.0,-0.0166
45465,642610,641319,645239,639440,17550.0,0.0021
45464,641285,648543,650549,634279,60860.0,-0.011200000000000002
45463,648543,649821,664742,645667,56240.0,-0.0019
45462,649809,651598,657064,647056,42960.0,-0.0027
45461,651599,664957,665712,640984,93720.0,-0.020099999999999996
45460,664988,666729,672538,651154,66090.0,-0.0026
45459,666747,662230,669514,660381,20740.0,0.0068000000000000005
45458,662230,660341,664464,658951,24050.0,0.0029
45457,660348,667752,673477,650765,6518000000000000,-0.0111
45456,667731,682606,683846,663243,66360.0,-0.0218
45455,682601,673209,699908,669115,85550.0,0.013999999999999999
45454,673198,695379,695733,661978,96700.0,-0.0319
45453,695382,696502,701525,692599,39120.0,-0.0016
45452,696506,693105,698478,691367,20990.0,0.0049
45451,693101,693470,695721,692224,23030.0,-0.0005
45450,693479,707934,719565,686207,82620.0,-0.0204
45449,707915,710836,716161,701787,49790.0,-0.0040999999999999995
45448,710837,705509,717444,703971,67060.0,0.0076
45447,705492,688080,710342,685643,75690.0,0.0253
45446,688078,677633,701310,676168,69420.0,0.015300000000000001
45445,677735,677608,684475,673306,30630.0,0.0002
45444,677608,675339,678610,674496,19010.0,0.0034000000000000002
45443,675301,683523,690182,666768,61510.0,-0.0121
45442,683547,676313,695047,671384,66840.0,0.0106
45441,676358,683662,688976,671432,52130.0,-0.010700000000000001
45440,683660,694283,695607,672999,71390.0,-0.015300000000000001
45439,694287,685146,706383,682752,49070.0,0.013300000000000001
45438,685148,692872,694940,682945,24580.0,-0.0111
45437,692844,685482,695588,685161,25170.0,0.010700000000000001
45436,685476,679711,692120,666858,63280.0,0.0084
45435,679757,691663,700410,665781,89450.0,-0.0171
45434,691554,701410,705934,690243,65080.0,-0.013999999999999999
45433,701399,714305,718720,691817,108560.0,-0.018000000000000002
45432,714227,662783,714828,660765,112660.0,0.0776
45431,662791,669190,676625,659373,36190.0,-0.0095
45430,669175,670366,673614,666361,29680.0,-0.0018
45429,670368,652311,674207,651217,63090.0,0.0277
45428,652310,662196,666439,646233,72550.0,-0.015
45427,662251,615694,664171,613575,106050.0,0.0756
45426,615694,629368,631026,611569,68840.0,-0.0217
45425,629372,614805,634432,607790,70550.0,0.023700000000000002
45424,614800,608266,618477,606471,27400.0,0.010700000000000001
45423,608266,607968,614875,604993,27500.0,0.0005
45422,607969,630743,634543,602518,79330.0,-0.0361
45421,630750,612073,634133,606714,64220.0,0.0305
45420,612075,623049,629974,608942,56470.0,-0.0178
45419,623177,631631,643610,622941,59740.0,-0.0134
45418,631631,640058,654488,627307,77680.0,-0.0132
45417,640064,638977,645872,629239,40510.0,0.0018
45416,638883,628871,644660,625991,53030.0,0.0161
45415,628775,591043,632984,588308,100460.0,0.0635
45414,591213,583349,595480,569898,98060.0,0.013500000000000002
45413,583312,606650,608275,566435,171550.0,-0.0385
45412,606666,638524,647002,592287,121040.0,-0.05
45411,638601,631137,641931,618372,67260.0,0.011899999999999999
45410,631097,634579,643461,628278,36650.0,-0.0055000000000000005
45409,634568,637658,639167,625077,45340.0,-0.0049
45408,637664,644971,647713,633549,61600.0,-0.0113
45407,644971,642871,652475,628892,80770.0,0.0033
45406,642857,664149,670605,636069,77830.0,-0.0321
45405,664150,668295,671800,658483,52420.0,-0.0062
45404,668293,649401,672080,645275,72300.0,0.0291
45403,649402,649421,656806,642675,42020.0,-0.0003
45402,649611,638176,653756,631317,49330.0,0.0182
45401,637991,634805,654412,596933,150340.0,0.005
45400,634814,612789,640924,608223,97380.0,0.0359
45399,612789,638023,644515,598208,118920.0,-0.039599999999999996
45398,638053,634161,642744,617156,114960.0,0.0062
45397,634119,656966,668051,623795,118790.0,-0.0348
45396,656974,639095,657582,621747,134400.0,0.028900000000000002
45395,638499,671374,679210,610655,149480.0,-0.0492
45394,671519,700149,712269,658293,131840.0,-0.0408
45393,700116,706204,712492,695861,72510.0,-0.0086
45392,706221,691478,710869,675700,97710.0,0.0213
45391,691480,716273,717372,682646,93690.0,-0.0347
45390,716301,693580,727108,691105,105780.0,0.0327
45389,693604,688973,702858,688494,46990.0,0.0068000000000000005
45388,688906,678305,696320,674672,41480.0,0.015600000000000001
45387,678306,684987,686922,660233,88970.0,-0.0097
45386,684965,659684,692388,650963,100300.0,0.0384
45385,659630,654436,668448,645590,88460.0,0.008
45384,654392,696627,696730,646284,152870.0,-0.060700000000000004
45383,696644,713293,713293,681759,94050.0,-0.023399999999999997
45382,713320,696085,713675,695766,42450.0,0.024700000000000003
45381,696115,698723,703212,695649,29870.0,-0.0037
45380,698717,707667,709070,690909,58990.0,-0.0126
45379,707621,694494,715425,689569,72490.0,0.019
45378,694424,699992,716708,684286,112880.0,-0.008
45377,699993,698963,714907,693664,90980.0,0.0015
45376,698920,672164,711188,663950,124720.0,0.039900000000000005
45375,672119,640365,675878,638129,65590.0,0.0496
45374,640378,637856,659724,630749,35110.0,0.004
45373,637855,655015,666333,623283,72430.0,-0.0262
45372,655038,678600,681617,646161,75260.0,-0.0346
45371,678540,620468,680295,608509,133530.0,0.0935
45370,620500,675941,680996,615606,148080.0,-0.08199999999999999
45369,675941,683897,689201,666014,78070.0,-0.011699999999999999
45368,683912,653142,688577,646055,66070.0,0.0471
45367,653142,694565,700370,649710,75820.0,-0.059699999999999996
45366,694637,713871,723981,657656,148590.0,-0.0269
45365,713875,730667,737409,687172,109430.0,-0.023
45364,730663,714619,736235,713384,77180.0,0.0223
45363,714702,720991,729167,688456,105090.0,-0.0087
45362,720991,689647,727715,674528,114720.0,0.0454
45361,689648,683607,699053,681650,53490.0,0.0088
45360,683665,681785,685769,679239,30710.0,0.0029
45359,681720,668544,699040,661707,112670.0,0.0197
45358,668553,660746,679855,656026,77470.0,0.011699999999999999
45357,660804,637947,676049,628487,117910.0,0.0359
45356,637926,682731,690631,601382,207600.0,-0.06559999999999999
45355,682701,631358,684951,627468,13086000000000000,0.08130000000000001
45354,631358,619556,632273,613994,38010.0,0.0184
45353,619945,623977,624463,616219,33800.0,-0.006500000000000001
45352,623977,611573,631473,607909,74960.0,0.020099999999999996
45351,611693,624671,636534,605125,119290.0,-0.0208
45350,624676,570487,639153,567049,173640.0,0.09480000000000001
45349,570562,544911,575552,544640,100480.0,0.047
45348,544951,517227,548991,509252,78050.0,0.0536
45347,517227,515721,519520,512990,23610.0,0.0029
45346,515716,507396,516899,505920,20990.0,0.016399999999999998
45345,507405,513206,515325,505376,43270.0,-0.0113
45344,513204,518502,520158,509473,50270.0,-0.0104
45343,518582,522635,523673,506769,59020.0,-0.0078000000000000005
45342,522635,517831,529368,508018,68100.0,0.009300000000000001
45341,517836,521196,524848,516942,36730.0,-0.0064
45340,521175,516460,523503,511996,26890.0,0.0091
45339,516460,521342,521755,506523,32450000000000000,-0.009399999999999999
45338,521342,519014,525567,516126,52860.0,0.0045000000000000005
45337,519013,518052,528194,513275,74720.0,0.0023
45336,517824,497086,520107,492638,80350.0,0.0416
45335,497160,499410,503266,483983,78510.0,-0.0045000000000000005
45334,499413,482802,502773,477299,81850.0,0.0345
45333,482773,477593,485316,475902,36500.0,0.0109
45332,477582,471280,481490,468750,31200.0,0.0134
45331,471275,452933,481188,452542,98110.0,0.0405
45330,452933,443462,455792,443364,66380.0,0.0215
45329,443398,430884,443679,427835,48570.0,0.0291
45328,430877,426976,433755,425668,33320.0,0.0091
45327,426972,425814,435322,422725,39260.0,0.0027
45326,425814,430062,431132,423794,20330.0,-0.009899999999999999
45325,430057,431947,433704,428820,14570.0,-0.0044
45324,431947,430837,434593,425963,42650.0,0.0026
45323,430814,425801,432631,418905,47690.0,0.0118
45322,425805,429462,437397,423154,56480.0,-0.0085
45321,429462,433033,438179,427029,55130.0,-0.008199999999999999
45320,432998,420314,433056,418247,45230.0,0.0302
45319,420307,421213,428171,416490,32530.0,-0.0021
45318,421209,418115,421918,414130,20460.0,0.0074
45317,418113,399420,422148,398312,69470.0,0.047
45316,399357,400851,402858,395463,46300.0,-0.0037
45315,400860,398913,405352,395100,58640.0,0.0049
45314,398888,395550,401594,385469,82670.0,0.0084
45313,395564,415817,416849,394684,85100.0,-0.0487
45312,415832,416954,418780,415045,16110.0,-0.0027
45311,416954,416476,418580,414495,22270.0,0.0011
45310,416480,412938,421646,403054,72640.0,0.0086
45309,412927,427635,429080,406826,70350.0,-0.0345
45308,427687,431391,431923,422118,50440.0,-0.0087
45307,431455,425152,435637,420931,63930.0,0.0149
45306,425107,417476,433489,417192,52080.0,0.0183
45305,417461,428513,430694,417396,37140.0,-0.0258
45304,428513,428367,432486,424433,48180.0,0.0004
45303,428359,463481,465032,418579,136920.0,-0.0758
45302,463482,466293,489237,456518,13103999999999900,-0.006
45301,466293,461120,476543,444036,131480.0,0.0108
45300,461290,469592,478801,453339,100090.0,-0.0177
45299,469622,439342,471967,432510,103090.0,0.0691
45298,439273,439735,444812,436279,29530.0,-0.0009
45297,439679,441566,442032,434240,24260.0,-0.0043
45296,441569,441630,443121,426290,68070.0,0.0
45295,441570,428361,447445,426328,68050.0,0.0308
45294,428361,449437,454927,408883,117650.0,-0.046900000000000004
45293,449437,441829,458854,441660,97840.0,0.0172
45292,441834,422725,441870,421967,36300.0,0.0452
45291,422725,421416,428788,419714,35580.0,0.0032
45290,421367,420747,425922,415273,35180.0,0.0015
45289,420724,425811,431080,414590,60980.0,-0.011899999999999999
45288,425811,434465,437826,423093,49840.0,-0.0199
45287,434465,425143,436767,421153,50100.0,0.022000000000000002
45286,425133,435799,435949,417966,56030.0,-0.024399999999999998
45285,435785,429820,437927,427453,32670.0,0.0139
45284,429815,437104,439357,427485,30860.0,-0.0167
45283,437104,439689,439946,433257,21290.0,-0.0059
45282,439689,438659,443946,434193,44500.0,0.0023
45281,438659,436603,442418,433102,48960.0,0.004699999999999999
45280,436628,422595,442787,422172,70190.0,0.0332
45279,422593,426597,434733,418427,55290.0,-0.009399999999999999
45278,426597,413691,427280,405540,61580.0,0.031200000000000002
45277,413687,422717,424132,412769,35460.0,-0.021400000000000002
45276,422717,419290,426903,416982,30110.0,0.008199999999999999
45275,419290,430252,430807,416979,45280.0,-0.0255
45274,430259,428863,433927,415912,59150.0,0.0033
45273,428845,414870,434175,406493,63110.0,0.0337
45272,414870,412561,420709,406915,57040.0,0.005600000000000001
45271,412561,437910,438063,402771,105190.0,-0.0579
45270,437910,437166,440454,435768,23810.0,0.0017000000000000001
45269,437184,441755,443612,436174,31670.0,-0.0103
45268,441755,432883,446976,431084,58440.0,0.020499999999999997
45267,432897,437744,440464,428605,63090.0,-0.0111
45266,437763,440762,442837,434667,72520.0,-0.0068000000000000005
45265,440762,419896,444241,414249,96840.0,0.049699999999999994
45264,419878,399686,423944,399686,104210.0,0.050499999999999996
45263,399702,394568,401789,392803,35270.0,0.013000000000000001
45262,394584,386882,396734,386465,37090.0,0.0199
45261,386882,377129,389508,376183,62500.0,0.0259
45260,377129,378576,381444,375092,33530.0,-0.0038
45259,378555,378233,383629,376076,49340.0,0.0009
45258,378233,372443,383794,368811,57500.0,0.0154
45257,372486,374518,375633,367515,45240.0,-0.0054
45256,374518,377864,378191,371663,29200.0,-0.0089
45255,377870,377186,378874,375999,16090.0,0.0018
45254,377173,372950,384008,372574,65830.0,0.011399999999999999
45253,372931,374108,376425,369153,32350.0,-0.0031
45252,374108,357975,378625,356956,64810.0,0.0446
45251,358136,374527,376312,357992,71070.0,-0.0438
45250,374541,373566,377356,368576,51800.0,0.0027
45249,373542,365686,375046,363933,26140.0,0.0215
45248,365686,366175,368452,362206,20880.0,-0.0007000000000000001
45247,365954,361618,366906,358752,51370.0,0.012
45246,361612,378739,379076,355616,66920.0,-0.0452
45245,378749,355493,379541,353796,75510.0,0.0654
45244,355493,364783,367445,349843,63560.0,-0.0255
45243,364783,370678,374046,363584,44550.0,-0.0158
45242,370644,371490,372153,367619,21450.0,-0.0023
45241,371505,373063,374013,367676,29530.0,-0.0040999999999999995
45240,373030,367005,374961,363472,59560.0,0.016399999999999998
45239,367005,356369,379420,355781,115560.0,0.0298
45238,356369,354262,360502,351488,46330.0,0.006
45237,354261,350421,358779,345369,53490.0,0.011000000000000001
45236,350420,350203,352756,347429,29810.0,0.0006
45235,350194,350658,353602,345500,31020.0,-0.0013
45234,350658,347186,352422,346011,23800.0,0.01
45233,347187,349314,349406,341242,54540.0,-0.0060999999999999995
45232,349314,354238,359076,343574,63660.0,-0.0139
45231,354238,346483,355575,341387,71660.0,0.0223
45230,346506,344789,347046,340539,43400.0,0.005
45229,344779,345267,348533,340895,45200.0,-0.0014000000000000002
45228,345267,340826,347379,339376,27720.0,0.013000000000000001
45227,340826,339016,343878,338673,22000.0,0.0053
45226,339018,341537,342458,334236,47330.0,-0.0074
45225,341537,344976,348260,337499,56620.0,-0.009899999999999999
45224,344968,339170,351239,337134,75810.0,0.0171
45223,339170,330373,351914,328665,159080.0,0.0265
45222,330418,299842,343756,298914,133460.0,0.102
45221,299842,299127,301934,297136,29070.0,0.0024
45220,299129,296747,302648,294691,34680.0,0.008
45219,296745,287240,301659,285861,82680.0,0.0331
45218,287230,283218,288838,281702,50100.0,0.014199999999999999
45217,283217,284052,288760,281690,45010.0,-0.0029
45216,284036,285083,286085,280969,53420.0,-0.0037
45215,285097,271612,299695,271197,119180.0,0.0496
45214,271612,268528,272869,268126,21950.0,0.0115
45213,268528,268635,269757,268051,13560.0,-0.0004
45212,268635,267611,271148,266829,33660.0,0.0038
45211,267611,268782,269428,265653,32750.0,-0.0043
45210,268766,273919,274759,265584,55780.0,-0.018799999999999997
45209,273910,275815,277281,273001,34320.0,-0.0069
45208,275814,279227,279864,272795,44810.0,-0.012199999999999999
45207,279227,279611,280975,277144,24110.0,-0.0014000000000000002
45206,279611,279355,280213,278590,17290.0,0.0009
45205,279369,274103,282236,271957,52510.0,0.0192
45204,274103,277835,280891,273717,46260.0,-0.0137
45203,277909,274287,278327,272425,40930.0,0.0132
45202,274284,275016,276708,271941,44060.0,-0.0028000000000000004
45201,275053,279746,285566,273252,84300.0,-0.0168
45200,279745,269625,280384,269557,35110.0,0.0375
45199,269627,269081,270857,268875,17550.0,0.002
45198,269098,270226,272295,267288,42240.0,-0.0042
45197,270226,263682,272836,263394,64560.0,0.024900000000000002
45196,263661,262189,268369,261091,50800.0,0.005600000000000001
45195,262189,263031,263962,260934,26410.0,-0.0032
45194,263027,262516,264236,260136,38200.0,0.002
45193,262515,265790,267276,261622,22320.0,-0.0123
45192,265792,265817,266362,265175,12920.0,-0.0001
45191,265819,265695,267364,264885,28790.0,0.0004
45190,265700,271252,271556,263823,47810.0,-0.020499999999999997
45189,271250,272092,273786,268518,47230.0,-0.0031
45188,272092,267590,274807,266722,52170.0,0.0167
45187,267635,265303,274133,264052,63350.0,0.0088
45186,265291,265620,266144,264087,16570.0,-0.0012
45185,265620,265999,267690,264635,18450.0,-0.0015
45184,266010,265233,268374,262331,36470.0,0.0029
45183,265247,262230,267603,261486,53820.0,0.0115
45182,262230,258361,263823,257669,42580.0,0.015
45181,258345,251664,264726,251335,78710.0,0.0265
45180,251664,258402,258974,249231,56320.0,-0.026099999999999998
45179,258402,259011,259951,256267,23600.0,-0.0024
45178,259011,259095,259385,258143,13480.0,-0.0003
45177,259095,262485,264154,257016,41010.0,-0.013000000000000001
45176,262498,257580,264177,256265,39770.0,0.0191
45175,257580,257901,260184,254117,37780.0,-0.0013
45174,257902,258244,258640,255963,28400.0,-0.0013
45173,258233,259710,260942,256609,27130.0,-0.005699999999999999
45172,259710,258697,260904,258166,21360.0,0.0039000000000000003
45171,258697,258035,259774,257527,21240.0,0.0026
45170,258032,259383,261449,253619,58080.0,-0.0052
45169,259373,273006,274645,257310,69110.0,-0.0499
45168,272988,277239,277573,270432,46540.0,-0.015300000000000001
45167,277239,261181,280460,259198,98320.0,0.061399999999999996
45166,261189,261006,262157,258910,28840.0,0.0007000000000000001
45165,261006,260171,261768,259687,14290.0,0.0032
45164,260171,260572,261141,259935,12090.0,-0.0015
45163,260572,261761,262657,258116,39960.0,-0.0046
45162,261770,264362,265605,259436,41040.0,-0.0098
45161,264362,260420,268077,258126,60960.0,0.0152
45160,260399,261268,261388,254819,47720.0,-0.0033
45159,261260,261908,262209,258508,41100.0,-0.0025
45158,261908,260995,262691,259985,24000.0,0.0034999999999999996
45157,260994,260533,262622,257995,33040.0,0.0018
45156,260532,266357,268019,256910,93050.0,-0.0219
45155,266357,287261,287718,254894,132920.0,-0.0728
45154,287263,291953,292511,287176,43710.0,-0.0161
45153,291953,294267,294720,291186,33810.0,-0.0079
45152,294267,293001,296890,291160,39300.0,0.0043
45151,293001,294282,294685,292723,13490.0,-0.0044
45150,294282,294208,294808,293754,11070.0,0.0002
45149,294208,294489,295449,292712,27710.0,-0.001
45148,294490,295780,297194,293775,32000.0,-0.0044
45147,295780,297713,301040,293842,49670.0,-0.0067
45146,297774,292042,301686,291377,62570.0,0.0196
45145,292042,290813,292702,287210,41190.0,0.0042
45144,290813,290679,291989,289874,16030000000000000,0.0005
45143,290681,291056,291393,289830,14550.0,-0.0013
45142,291055,291891,293191,288758,31430.0,-0.0029
45141,291893,291809,294098,289810,36080.0,0.0005
45140,291737,297118,300259,289616,67410.0,-0.0181
45139,297122,292323,297122,286110,6401000000000000,0.016399999999999998
45138,292324,292820,295023,291283,31840.0,-0.0017000000000000001
45137,292817,293542,294466,290545,20580.0,-0.0024
45136,293535,293150,294001,292569,13900.0,0.0013
45135,293150,292227,295330,291251,31420.0,0.0032
45134,292227,293529,295688,290940,30420.0,-0.0044
45133,293522,292288,296818,291097,44330.0,0.0042
45132,292286,291783,293654,290587,29050.0,0.0017000000000000001
45131,291781,300859,300982,288907,55730.0,-0.0302
45130,300859,297889,303370,297357,23320.0,0.01
45129,297889,299045,299880,296573,18470.0,-0.0038
45128,299031,298010,300589,297399,32590000000000000,0.0034000000000000002
45127,298010,299097,304080,296214,50330.0,-0.0036
45126,299097,298667,301855,297893,34960.0,0.0014000000000000002
45125,298668,301397,302424,296246,42400.0,-0.0091
45124,301397,302355,303359,296933,42840.0,-0.0032
45123,302355,302918,304350,300754,20310.0,-0.0018
45122,302914,303168,303954,302469,17060.0,-0.0009
45121,303174,314654,316026,299443,82420.0,-0.0365
45120,314661,303873,317645,302600,99810.0,0.0355
45119,303873,306233,309513,302317,54060.0,-0.0077
45118,306233,304142,307822,303338,39840.0,0.0068000000000000005
45117,304153,301669,310196,299691,55240.0,0.008199999999999999
45116,301669,302888,304255,300719,20050.0,-0.004
45115,302888,303468,303799,300559,17410.0,-0.0019
45114,303464,299127,304420,297574,46420.0,0.014499999999999999
45113,299131,305128,314636,298690,90810.0,-0.0197
45112,305128,307686,308756,302333,43230.0,-0.0083
45111,307684,311520,313265,306578,42120.0,-0.0123
45110,311513,306175,313770,305815,56490.0,0.0174
45109,306177,305871,307690,302279,28820.0,0.001
45108,305868,304729,306499,303290,22460.0,0.0037
45107,304729,304457,312755,297145,118650.0,0.0009
45106,304457,300773,308231,300513,49570.0,0.012199999999999999
45105,300786,306919,307034,299195,51060.0,-0.0199
45104,306891,302670,309937,302313,55820.0,0.0139
45103,302670,304663,306459,299863,58710.0,-0.006500000000000001
45102,304653,305336,310402,303158,37120.0,-0.0022
45101,305336,306807,307953,302694,38150.0,-0.0048
45100,306794,298902,313954,298226,98850.0,0.0264
45099,298905,299928,304978,295904,79220.0,-0.0034999999999999996
45098,299969,283077,307695,282705,143490.0,0.059699999999999996
45097,283077,268459,283930,266655,100550.0,0.054400000000000004
45096,268459,263397,270297,262951,46450.0,0.0192
45095,263397,265150,266793,262906,27310.0,-0.0066
45094,265150,263413,267673,261835,35860.0,0.0066
45093,263413,255919,264728,252760,69240.0,0.029300000000000003
45092,255913,251295,257328,248380,68380.0,0.0184
45091,251295,259290,260517,248474,60820.0,-0.0308
45090,259294,259069,264289,257264,56240.0,0.0009
45089,259068,259279,260807,256350,40750.0,-0.0008
45088,259284,258433,261901,256608,39200.0,0.0033
45087,258440,264793,265251,254683,83570.0,-0.024
45086,264793,265011,267739,263267,38960.0,-0.0008
45085,265011,263418,267844,262313,39950.0,0.006
45084,263425,272302,273420,261410,77480.0,-0.0326
45083,272302,257456,273252,254256,88610.0,0.0576
45082,257474,271223,271255,254375,85420.0,-0.0507
45081,271223,270709,274102,269561,23810.0,0.0019
45080,270720,272460,273175,269314,20620.0,-0.0063
45079,272447,268190,272994,265413,49370.0,0.0159
45078,268190,272164,273409,266623,51980.0,-0.0146
45077,272161,276969,278250,268651,63080.0,-0.0174
45076,276982,277389,280336,275838,45190.0,-0.0015
45075,277394,280684,284312,275488,54560.0,-0.0118
45074,280712,268553,281819,267885,55230.0,0.0452
45073,268575,267112,268829,265912,18680.0,0.0055000000000000005
45072,267115,264755,269116,263300,45880.0,0.0089
45071,264758,263271,265892,258925,50170.0,0.005600000000000001
45070,263284,272207,272207,260887,72650.0,-0.032799999999999996
45069,272207,268516,274481,268041,50890.0,0.0139
45068,268473,267499,270489,265461,35560.0,0.0036
45067,267499,271162,272571,266776,27420.0,-0.013500000000000002
45066,271162,268830,271472,268313,17720.0,0.0087
45065,268829,268282,271547,267113,36670.0,0.002
45064,268280,274038,274670,264498,63390.0,-0.021
45063,274031,270355,274653,265977,58140.0,0.013600000000000001
45062,270353,271839,272953,268819,45290.0,-0.0055000000000000005
45061,271839,269204,276517,267521,53270.0,0.0098
45060,269200,267774,271761,266099,26350.0,0.0053
45059,267775,267987,270119,266956,27950.0,-0.0008
45058,267992,269831,270440,258531,87490.0,-0.0068000000000000005
45057,269835,276043,276074,267662,62850.0,-0.0225
45056,276033,276343,283117,268857,91450.0,-0.0011
45055,276349,276705,278160,273663,49750.0,-0.0013
45054,276705,284248,286278,272803,85720.0,-0.0265
45053,284248,288571,291220,284196,36500.0,-0.015
45052,288571,295128,298164,284149,58940.0,-0.0222
45051,295132,288422,296539,288253,74520.0,0.0233
45050,288421,290236,293527,286874,53800.0,-0.0063
45049,290236,286691,292447,281644,81220.0,0.0124
45048,286691,280790,288774,279132,65330.0,0.021099999999999997
45047,280776,292521,293296,276859,84360.0,-0.04019999999999999
45046,292521,292351,299413,290950,47620.0,0.0006
45045,292341,293184,294255,290585,25720.0,-0.003
45044,293218,294759,295872,289278,69880.0,-0.0052
45043,294759,284245,298598,283924,121630.0,0.037000000000000005
45042,284246,282988,299957,273078,164310.0,0.0044
45041,282988,275101,283756,272011,65310.0,0.0287
45040,275093,275914,279788,270543,66740.0,-0.003
45039,275914,278138,278150,273885,41770.0,-0.008
45038,278139,272648,278720,271657,44300.0,0.020099999999999996
45037,272648,282405,283534,271711,98720.0,-0.0346
45036,282405,288137,290821,280324,95450.0,-0.0199
45035,288137,303822,304084,286411,111270.0,-0.0516
45034,303822,294341,304701,291492,76580.0,0.0322
45033,294349,303108,303122,292740,71900.0,-0.028900000000000002
45032,303103,302992,305453,301346,34480.0,0.0004
45031,302996,304726,305865,302088,31710.0,-0.005699999999999999
45030,304725,303874,309649,300260,98380.0,0.0028000000000000004
45029,303874,298924,305241,298645,65870.0,0.0168
45028,298864,302098,304730,296795,78690.0,-0.010700000000000001
45027,302096,296410,304846,295978,89380.0,0.0192
45026,296410,283265,297554,281829,85730.0,0.0464
45025,283266,279412,285227,278092,39350.0,0.0138
45024,279412,279104,281531,278638,23730.0,0.0011
45023,279104,280376,281025,277794,30940.0,-0.0045000000000000005
45022,280367,281735,281735,277345,51290.0,-0.0049
45021,281735,281644,287444,278235,77320.0,0.0003
45020,281644,278022,284291,276689,64060.0,0.013000000000000001
45019,278021,281947,284584,272569,98000.0,-0.0141
45018,281983,284561,285228,278717,45040.0,-0.0091
45017,284561,284737,287951,282856,38090.0,-0.0006
45016,284737,280293,286463,275875,98440.0,0.0158
45015,280295,283503,291604,277167,122510.0,-0.0113
45014,283504,272629,286274,272498,109320.0,0.039900000000000005
45013,272622,271278,274650,266656,94160.0,0.0049
45012,271298,279748,280233,266115,107240.0,-0.0302
45011,279735,274749,281537,274291,60640.0,0.0181
45010,274756,274622,277619,271767,61360.0,0.0005
45009,274622,283069,283745,270265,110360.0,-0.03
45008,283107,272628,287341,271446,158460.0,0.0385
45007,272617,281142,287603,266687,26202999999999900,-0.030299999999999997
45006,281140,277198,284378,273506,438780.0,0.014199999999999999
45005,277205,279589,284578,271570,503900.0,-0.0085
45004,279587,269145,283473,268446,393270.0,0.0388
45003,269145,273919,276591,266887,392470.0,-0.0174
45002,273918,250044,277422,249001,674960.0,0.0955
45001,250041,242832,251390,241479,462580.0,0.0297
45000,242827,246996,251089,239324,614310.0,-0.0169
44999,246997,241215,263659,239946,753060.0,0.024300000000000002
44998,241144,219948,244062,218596,733630.0,0.0964
44997,219948,204650,220286,202942,455690.0,0.0746
44996,204675,201565,206695,197967,453460.0,0.0154
44995,201567,203620,203626,195918,655270.0,-0.0101
44994,203618,217108,218265,200796,468760.0,-0.0621
44993,217108,221978,222743,216613,316510.0,-0.0219
44992,221978,224101,225351,219686,304750.0,-0.0095
44991,224100,224282,225954,223201,215310.0,-0.0008
44990,224283,223471,226367,222135,160570.0,0.0036
44989,223471,223547,224037,221674,123930.0,-0.0003
44988,223544,234656,234734,220519,344630.0,-0.0473
44987,234654,236422,237805,232087,249260.0,-0.0075
44986,236422,231306,239141,230253,328770.0,0.022099999999999998
44985,231305,234940,235950,230338,275100.0,-0.0155
44984,234941,235587,238762,231668,297650.0,-0.0027
44983,235587,231661,236718,230660,209120.0,0.0169
44982,231661,231913,232153,227774,198350.0,-0.0011
44981,231915,239364,241234,229703,367990.0,-0.0311
44980,239363,241866,245904,236379,417460.0,-0.0103
44979,241866,244507,244743,235934,400240.0,-0.0108
44978,244507,248395,252368,241608,395970.0,-0.015700000000000002
44977,248395,243028,250854,238686,363020.0,0.022099999999999998
44976,243029,246313,251752,242737,312640.0,-0.013300000000000001
44975,246314,245735,248389,244570,223770.0,0.0024
44974,245735,235382,249847,233730,523850.0,0.043899999999999995
44973,235396,243281,252338,235259,484500.0,-0.032400000000000005
44972,243279,221985,243309,220508,401530.0,0.0959
44971,221985,217769,223086,215562,378390.0,0.0196
44970,217726,217827,218875,214187,312040.0,-0.0007000000000000001
44969,217868,218599,220807,216531,211650.0,-0.0033
44968,218598,216274,219029,216053,182070.0,0.0104
44967,216350,217925,219336,214917,352790.0,-0.0072
44966,217925,229646,230036,217446,425440.0,-0.051
44965,229646,232517,234251,226917,289120.0,-0.0123
44964,232517,227618,233388,227482,318980.0,0.0215
44963,227618,229360,231306,226337,278580.0,-0.0076
44962,229360,233269,234234,227665,217260.0,-0.0166
44961,233238,234312,235718,232698,170270.0,-0.0046
44960,234312,234291,236941,232338,349360.0,0.0002
44959,234276,237262,242072,233981,382860.0,-0.0126
44958,237256,231247,237845,228096,333180.0,0.026000000000000002
44957,231251,228322,232629,227249,289380.0,0.0128
44956,228322,237460,237940,225600,339620.0,-0.0388
44955,237531,230235,239529,229733,320860.0,0.0315
44954,230279,230746,231823,228898,156960.0,-0.002
44953,230746,230160,234803,226029,310360.0,0.0025
44952,230160,230552,232595,228690,320970.0,-0.0017000000000000001
44951,230551,226325,237790,223663,388180.0,0.0187
44950,226325,229163,231561,225171,334170.0,-0.0123
44949,229155,227090,231618,225279,327850.0,0.0091
44948,227078,227757,230687,223230,280640.0,-0.003
44947,227757,226775,233045,224611,382690.0,0.0043
44946,226772,210749,227185,208793,373740.0,0.0757
44945,210812,206706,211694,206697,275760.0,0.0199
44944,206706,211371,215841,204483,388670.0,-0.022099999999999998
44943,211371,211844,215064,209262,310040.0,-0.0022
44942,211842,208801,214168,206989,337460.0,0.0146
44941,208798,209560,210322,205857,205800.0,-0.0037
44940,209582,199269,211856,198986,458210.0,0.051699999999999996
44939,199270,188508,199816,187238,426670.0,0.0571
44938,188513,179410,190553,179155,522010.0,0.0507
44937,179423,174405,179898,173239,291530.0,0.028900000000000002
44936,174391,171801,174910,171517,247140.0,0.0151
44935,171801,171190,173908,171071,301240.0,0.0036
44934,171190,169436,171190,169138,144840.0,0.0104
44933,169436,169509,169796,169097,110480.0,-0.0004
44932,169509,168298,170123,167076,233470.0,0.0072
44931,168298,168522,168779,167723,178960.0,-0.0013
44930,168521,166742,169765,166565,247390.0,0.010700000000000001
44929,166742,166731,167732,166072,178730.0,0.0
44928,166743,166184,167669,165510,136030.0,0.0034000000000000002
44927,166184,165375,166219,164997,107840.0,0.0049
44926,165374,166072,166359,164873,130440.0,-0.0042
44925,166072,166364,166444,163600,192760.0,-0.0018
44924,166364,165462,166591,164966,181470.0,0.0055000000000000005
44923,165462,167059,167811,164742,217960.0,-0.0096
44922,167061,169182,169640,166101,192180.0,-0.0125
44921,169181,168318,169361,167994,133360.0,0.0051
44920,168318,168357,168529,167330,132890.0,-0.0003
44919,168372,167786,168558,167778,110120.0,0.0034999999999999996
44918,167791,168205,169107,167680,184120.0,-0.0025
44917,168206,168318,168622,165661,198280.0,-0.0007000000000000001
44916,168318,169027,169194,167350,174340.0,-0.0042
44915,169028,164413,170313,164007,284570.0,0.0281
44914,164413,167411,168095,163312,207930.0,-0.0179
44913,167411,167770,168257,166665,124290.0,-0.0021
44912,167771,166290,167944,165870,164490.0,0.0089
44911,166296,173567,175185,165424,303560.0,-0.04190000000000001
44910,173561,177964,178461,172982,263440.0,-0.024700000000000003
44909,177964,177786,183518,176821,318980.0,0.001
44908,177786,172109,179516,170945,328710.0,0.033
44907,172104,170932,172325,168785,249390.0,0.0068000000000000005
44906,170933,171270,172629,170806,167200.0,-0.002
44905,171272,171257,172205,171057,148810.0,0.0001
44904,171257,172256,172886,170821,26083999999999900,-0.0058
44903,172257,168352,172942,167658,261640.0,0.0232
44902,168352,170894,171267,167153,244360.0,-0.0149
44901,170893,169663,171011,169149,246190.0,0.0072
44900,169665,171069,173952,168869,268720.0,-0.0085
44899,171126,168848,171981,168816,197120.0,0.013500000000000002
44898,168845,170934,171326,168621,169290.0,-0.012199999999999999
44897,170936,169722,170962,167999,227010.0,0.0072
44896,169720,171634,172447,168689,266140.0,-0.011200000000000002
44895,171639,164408,172155,164332,348220.0,0.044000000000000004
44894,164404,162119,165314,161001,271580.0,0.0141
44893,162117,164261,164814,160135,284840.0,-0.013000000000000001
44892,164256,164564,165954,164146,173250.0,-0.0019
44891,164565,165123,166863,163879,194940.0,-0.0034000000000000002
44890,165123,166006,166118,163609,204070.0,-0.0054
44889,166012,166049,167856,164720,229590.0,-0.0014000000000000002
44888,166239,162169,166776,161623,305080.0,0.0253
44887,162129,157766,162746,156204,287210.0,0.0277
44886,157762,162786,162879,155042,372150.0,-0.0313
44885,162867,166993,167493,162092,172830.0,-0.024700000000000003
44884,166992,166522,168149,166089,114890.0,0.0037
44883,166383,167154,168463,165530,241960.0,-0.0032
44882,166912,165405,167397,164258,257000.0,0.0091
44881,165405,168954,169934,164082,295730.0,-0.021
44880,168951,166150,171120,165439,337150.0,0.0169
44879,166137,163250,171584,158340,442460.0,0.0177
44878,163245,168039,169465,162749,210800.0,-0.027999999999999997
44877,167952,170499,171008,166339,192910.0,-0.0149
44876,170499,175891,176794,164355,466350.0,-0.030699999999999998
44875,175891,158870,181382,157993,720740.0,0.10710000000000001
44874,158869,185389,185838,156033,869570.0,-0.1425
44873,185274,205890,206675,172600,865100.0,-0.1001
44872,205890,209163,210554,204105,414240.0,-0.015600000000000001
44871,209163,212987,213604,209010,242260.0,-0.0181
44870,213016,211457,214647,210841,26123000000000000,0.0074
44869,211459,202064,212819,201846,499500.0,0.04650000000000001
44868,202064,201540,203845,200666,347230.0,0.0026
44867,201544,204829,207783,200658,420230.0,-0.0161
44866,204835,204961,206766,203481,302720.0,-0.0006
44865,204963,206260,208224,202600,327470.0,-0.0063
44864,206263,208094,209223,205225,207630.0,-0.0088
44863,208098,205942,210381,205619,276540.0,0.0105
44862,205944,202930,207440,200582,318900.0,0.0149
44861,202929,207695,208679,202316,365490.0,-0.0229
44860,207695,200868,209815,200629,427990.0,0.0342
44859,200827,193318,204069,192490,371540.0,0.038900000000000004
44858,193315,195712,195886,191772,286940.0,-0.012199999999999999
44857,195712,192048,196809,190925,180630.0,0.0191
44856,192048,191626,192499,191161,118240.0,0.0022
44855,191626,190429,192455,187033,294660.0,0.0063
44854,190429,191251,193345,189356,253200.0,-0.0042
44853,191239,193282,193586,191012,209280.0,-0.0106
44852,193282,195484,196929,191028,290070.0,-0.0113
44851,195482,192622,196635,191636,248400.0,0.0149
44850,192619,190688,194119,190660,140950.0,0.0101
44849,190687,191817,192187,190008,123660.0,-0.0059
44848,191818,193798,199339,190986,400450.0,-0.0102
44847,193798,191546,194944,182079,455130.0,0.011699999999999999
44846,191548,190585,192126,190106,242180.0,0.005
44845,190591,191343,192613,188687,288570.0,-0.0039000000000000003
44844,191346,194417,195207,190570,243770.0,-0.0158
44843,194410,194163,195521,193296,127530.0,0.0013
44842,194150,195302,196122,192747,113500.0,-0.006
44841,195313,199624,200514,193521,263500.0,-0.0213
44840,199567,201575,204367,198737,370600.0,-0.01
44839,201575,203405,203538,197617,352760.0,-0.009000000000000001
44838,203402,196297,204361,195064,368170.0,0.0363
44837,196283,190576,196760,190013,333030.0,0.0302
44836,190522,193119,193899,189373,222820.0,-0.0134
44835,193119,194229,194803,191726,173910.0,-0.005699999999999999
44834,194230,195934,201749,192089,490290.0,-0.0087
44833,195930,194202,196315,188779,449570.0,0.009399999999999999
44832,194110,190834,197578,185053,581190.0,0.0173
44831,190810,192288,203612,188504,660120.0,-0.0075
44830,192257,188031,193048,186952,516030.0,0.0225
44829,188032,189251,191251,186596,209710.0,-0.0064
44828,189252,192884,193106,188120,258500.0,-0.0191
44827,192935,194041,194773,185548,431150.0,-0.005699999999999999
44826,194040,184881,194909,183710,448630.0,0.0495
44825,184890,188751,197584,181918,446850.0,-0.0203
44824,188724,195389,196263,187426,361180.0,-0.0341
44823,195389,194174,196666,182778,423430.0,0.0062
44822,194188,201139,201139,193477,273110.0,-0.0345
44821,201135,198028,201786,197610,204580.0,0.015700000000000002
44820,198024,197019,198830,193529,315590.0,0.0051
44819,197017,202223,203214,195323,358420.0,-0.0258
44818,202225,201755,205037,196542,374220.0,0.0023
44817,201755,223953,227025,199096,485320.0,-0.09910000000000001
44816,223953,218366,224654,215816,431980.0,0.025699999999999997
44815,218349,216504,218364,213630,297120.0,0.0085
44814,216504,213638,217906,211399,331120.0,0.013300000000000001
44813,213652,193188,215457,192941,480370.0,0.106
44812,193174,192815,194447,190345,291430.0,0.0019
44811,192815,187863,194459,185484,319100.0,0.0264
44810,187864,197934,201693,187233,402430.0,-0.0509
44809,197931,199999,200429,196507,238710.0,-0.0103
44808,199999,198322,200178,195947,158270.0,0.0085
44807,198314,199528,200438,196607,157850.0,-0.0060999999999999995
44806,199527,201316,204282,197647,272220.0,-0.0086
44805,201261,200499,202027,195844,275080.0,0.0040999999999999995
44804,200439,197934,204691,197934,318170.0,0.0127
44803,197926,202956,205582,195597,308410.0,-0.0248
44802,202958,195513,203945,195512,248040.0,0.0381
44801,195502,200342,201508,195429,159600.0,-0.0241
44800,200339,202499,203436,198498,187340.0,-0.010700000000000001
44799,202499,215642,218153,201224,322160.0,-0.061
44798,215654,213654,218012,213248,190150.0,0.009399999999999999
44797,213652,215162,218323,211711,202400.0,-0.0070999999999999995
44796,215172,214165,216610,209196,228650.0,0.004699999999999999
44795,214163,215168,215174,209121,251830.0,-0.004699999999999999
44794,215172,211389,216924,210774,177520.0,0.0179
44793,211389,208307,213574,207848,206940.0,0.0148
44792,208313,232016,232023,208078,339470.0,-0.10220000000000001
44791,232036,233377,235780,231313,160970.0,-0.0058
44790,233380,238558,244235,231916,239530.0,-0.0217
44789,238568,241026,242408,236938,201700.0,-0.0102
44788,241017,243033,252057,237845,279280.0,-0.0083
44787,243028,244421,249973,241722,177250.0,-0.005699999999999999
44786,244425,243989,248829,243187,170590.0,0.0018
44785,243987,239353,244408,236164,194960.0,0.0194
44784,239353,239633,248735,238640,285360.0,-0.0012
44783,239629,231503,242099,227147,243610.0,0.0353
44782,231467,238181,239120,228865,169620.0,-0.0281
44781,238163,231753,242341,231606,197940.0,0.0277
44780,231753,229442,233877,228523,99360.0,0.0101
44779,229442,233082,233444,229236,94440.0,-0.015600000000000001
44778,233082,226133,234476,225935,208900.0,0.0308
44777,226121,228222,232145,224387,181190.0,-0.0091
44776,228208,229887,236237,226986,174660.0,-0.0073
44775,229886,232711,234233,226708,177300.0,-0.0121
44774,232712,233034,234844,228638,162330.0,-0.0014000000000000002
44773,233034,236342,241793,232362,138840.0,-0.013999999999999999
44772,236342,237742,246053,235218,168720.0,-0.0059
44771,237743,238502,243400,234514,221660.0,-0.0032
44770,238500,229577,241905,226116,268320.0,0.0388
44769,229583,212480,230278,210475,242660.0,0.0805
44768,212487,213016,213223,207373,201570.0,-0.0025
44767,213019,225823,226533,212754,206930.0,-0.0567
44766,225821,224498,229879,222813,126660.0,0.0054
44765,224604,226836,229910,219717,137420.0,-0.0095
44764,226752,231500,237414,225242,197540.0,-0.0206
44763,231530,232199,234038,223602,217080.0,-0.0027
44762,232152,234120,242580,229444,281310.0,-0.0083
44761,234102,225293,237573,215818,308910.0,0.0393
44760,225258,207856,227149,207706,279720.0,0.0837
44759,207856,212098,216544,207552,132810.0,-0.02
44758,212099,208252,215613,204844,136890.0,0.018500000000000003
44757,208251,205861,211781,203934,164670.0,0.0116
44756,205860,202500,208622,196649,205280.0,0.0166
44755,202500,193316,202508,189422,249380.0,0.0475
44754,193309,199632,200517,192796,167910.0,-0.0317
44753,199632,208472,208550,198970,160200.0,-0.0424
44752,208474,215874,215992,206897,204680.0,-0.034300000000000004
44751,215875,216104,219441,213384,190110.0,-0.0011
44750,216112,216371,224821,212070,439900.0,-0.0012
44749,216378,205579,218178,202827,115810.0,0.0524
44748,205611,201804,206549,197853,105240.0,0.0178
44747,202006,202158,207069,193154,122430.0,-0.0008
44746,202158,193106,203038,190525,92790.0,0.046900000000000004
44745,193099,192434,196264,187944,6526999999999990,0.0034999999999999996
44744,192432,192754,194254,190064,58570.0,-0.001
44743,192629,199266,207856,189801,150180.0,-0.0333
44742,199266,201113,201551,186827,127730.0,-0.0092
44741,201113,202780,204158,198807,98970.0,-0.008199999999999999
44740,202780,207279,212002,202105,83830.0,-0.0218
44739,207302,210377,214975,205680,84690.0,-0.0149
44738,210435,214899,218374,209897,67210.0,-0.0208
44737,214899,212269,215534,209175,66630.0,0.0124
44736,212269,211009,214887,207439,104560.0,0.006
44735,211007,199673,211898,199075,110700.0,0.056799999999999996
44734,199658,207202,208643,197802,125940.0,-0.0364
44733,207204,205716,216893,203717,136320.0,0.0072
44732,205723,205769,209968,196588,140600.0,-0.0002
44731,205772,189834,207635,179837,169390.0,0.08380000000000001
44730,189865,204464,207447,176305,267250.0,-0.0713
44729,204446,203913,213154,202441,136270.0,0.0028000000000000004
44728,203866,225779,229421,202311,144000.0,-0.0971
44727,225779,221375,227544,201258,280410.0,0.019
44726,221573,224491,232003,208609,251010.0,-0.0129
44725,224480,266063,268576,220063,379260.0,-0.1563
44724,266063,284040,285348,266063,120020.0,-0.0633
44723,284034,290833,294266,281618,82920.0,-0.023399999999999997
44722,290833,300974,303256,288849,104260.0,-0.0337
44721,300978,302021,306914,299538,61720.0,-0.0034000000000000002
44720,302016,311272,313121,298748,87960.0,-0.0298
44719,311288,313703,315566,292350,140320.0,-0.0076
44718,313676,299112,317534,298886,94010.0,0.048600000000000004
44717,299130,298651,301669,295390,30330.0,0.0016
44716,298643,297009,299638,294895,33510.0,0.0055000000000000005
44715,297009,304557,306748,293308,72130.0,-0.0248
44714,304555,297986,306385,296044,81400.0,0.022000000000000002
44713,297985,317931,319699,293966,135090.0,-0.06269999999999999
44712,317934,317302,323775,312212,86600.0,0.0022
44711,317233,294652,321856,293072,129560.0,0.0766
44710,294652,290271,295565,288387,36870.0,0.0151
44709,290271,286201,291944,285372,43870.0,0.0149
44708,286012,291940,293771,282822,116410.0,-0.0206
44707,292035,295379,298689,280779,126710.0,-0.011399999999999999
44706,295406,296487,302023,293535,78850.0,-0.0036
44705,296487,290916,298108,287061,79420.0,0.0191
44704,290933,302873,306448,289136,92100.0,-0.0394
44703,302866,294330,304620,292601,50600.0,0.028900000000000002
44702,294346,291887,296232,289539,32270000000000000,0.0088
44701,291786,303059,307351,287385,98780.0,-0.037200000000000004
44700,303059,287004,305251,286821,101380.0,0.056600000000000004
44699,286837,304375,306879,286481,92030.0,-0.0576
44698,304375,298567,307201,294845,79630.0,0.0197
44697,298490,313083,313124,291358,100250.0,-0.0466
44696,313087,300786,313838,294994,65440.0,0.0408
44695,300804,292852,302774,286667,70460.0,0.027200000000000002
44694,292844,289943,310027,287550,141230.0,0.0106
44693,289760,290734,301367,265005,309480.0,-0.0032
44692,290682,310080,321136,278355,296900.0,-0.0625
44691,310075,300982,326212,298310,235610.0,0.030299999999999997
44690,300950,340410,342270,300950,268090.0,-0.1164
44689,340600,354680,354970,337270,671050000.0,-0.0397
44688,354680,360030,361190,347730,288860000.0,-0.015
44687,360090,365400,366460,352670,752840000.0,-0.0146
44686,365440,396860,398330,361830,1040000000.0,-0.07919999999999999
44685,396880,377170,400210,376600,691490000.0,0.052199999999999996
44684,377180,385150,386470,375130,367210000.0,-0.0207
44683,385140,384720,391340,380610,580790000.0,0.0014000000000000002
44682,384610,376420,386760,373970,276990000.0,0.0215
44681,376500,385900,387760,375960,248220000.0,-0.0241
44680,385810,397480,399190,381750,382900000.0,-0.0294
44679,397480,392430,403820,388880,542390000.0,0.0129
44678,392430,381130,394470,378690,426830000.0,0.0296
44677,381130,404430,407700,377080,681470000.0,-0.0572
44676,404270,394640,405990,382330,654600000.0,0.024399999999999998
44675,394640,394340,399290,390330,283630000.0,0.0012
44674,394180,397090,399730,392910,190600000.0,-0.0073
44673,397090,404870,407920,392000,421300000.0,-0.0191
44672,404820,413700,429690,397930,493050000.0,-0.021400000000000002
44671,413680,414990,422030,409150,382840000.0,-0.0033
44670,415030,408090,417460,405850,26827999999999900,0.0172
44669,408030,397000,410950,385770,484260000.0,0.0277
44668,397030,403820,405990,395610,210010000.0,-0.0168
44667,403820,405710,406910,400030,151310000.0,-0.0044
44666,405600,399360,408500,397810,233090000.0,0.015600000000000001
44665,399360,411330,414940,395850,294290000.0,-0.0291
44664,411330,400720,415150,395810,406700000.0,0.0263
44663,400780,395070,406780,392650,468270000.0,0.0147
44662,394970,421440,424180,392020,608380000.0,-0.06269999999999999
44661,421380,427600,434210,418840,255830000.0,-0.0147
44660,427670,422750,428090,421290,165160000.0,0.0116
44659,422750,434500,439790,421130,467830000.0,-0.027000000000000003
44658,434480,431660,438930,427470,390850000.0,0.0064
44657,431730,454940,455190,431220,649520000.0,-0.0513
44656,455060,466140,472010,453880,421110000.0,-0.0241
44655,466290,464070,468990,451520,446120000.0,0.0048
44654,464070,458130,474350,455540,398860000.0,0.013000000000000001
44653,458110,462990,472120,456410,345930000.0,-0.0105
44652,462970,455290,467280,442610,632930000.0,0.017
44651,455250,470710,476240,452280,520000000.0,-0.0329
44650,470750,474490,477140,466010,467760000.0,-0.0079
44649,474490,471260,481270,470290,478820000.0,0.0073
44648,471050,468590,481990,466720,610270000.0,0.0052
44647,468590,445420,469470,444450,388790000.0,0.0519
44646,445480,443310,448180,440900,196300000.0,0.0049
44645,443310,440130,451120,436220,494090000.0,0.0072
44644,440130,429110,442510,426580,491660000.0,0.025699999999999997
44643,429120,423730,430270,417950,433960000.0,0.0127
44642,423730,410220,433279,408930,537060000.0,0.0329
44641,410220,412820,415320,405300,406620000.0,-0.0062
44640,412760,422410,423010,409220,308450000.0,-0.0227
44639,422330,417680,423860,415296,224590000.0,0.0111
44638,417678,409146,423084,402348,2310000000.0,0.0208
44637,409148,411187,414060,405578,1900000000.0,-0.005
44636,411187,392825,417016,389532,4470000000.0,0.0467
44635,392857,396730,398547,382209,2250000000.0,-0.0097
44634,396711,377895,399143,376136,2330000000.0,0.049699999999999994
44633,377924,388132,392723,376034,1550000000.0,-0.0263
44632,388143,387302,393553,386665,1110000000.0,0.0022
44631,387302,394225,401770,382364,2790000000.0,-0.0174
44630,394163,419339,420291,386035,3620000000.0,-0.0599
44629,419290,387315,425385,386633,3600000000.0,0.08220000000000001
44628,387448,380206,393515,378866,2670000000.0,0.0189
44627,380248,384206,395320,371821,3020000000.0,-0.009899999999999999
44626,384031,393963,396681,381150,1930000000.0,-0.0252
44625,393958,391428,396002,386261,1500000000.0,0.006500000000000001
44624,391427,424630,428487,385949,3210000000.0,-0.0782
44623,424630,439128,440772,418408,74110.0,-0.033
44622,439128,444203,452942,433613,80820.0,-0.011399999999999999
44621,444203,431872,449005,428766,90670.0,0.0285
44620,431882,377072,439778,374589,108070.0,0.1459
44619,376891,391166,398385,370623,66140.0,-0.0365
44618,391155,392216,400945,386391,41550.0,-0.0024
44617,392096,383392,396837,380426,83780.0,0.0227
44616,383392,372502,393516,343574,180470.0,0.029900000000000003
44615,372246,382482,391945,370995,64840.0,-0.0268
44614,382482,370183,384149,363996,82750.0,0.0332
44613,370177,383550,394441,368689,91820.0,-0.0349
44612,383550,400896,401203,380422,47920.0,-0.0433
44611,400903,400001,404343,396666,25780.0,0.0023
44610,400001,405325,409355,395050,6495999999999990,-0.013600000000000001
44609,405528,438855,441671,401038,72630.0,-0.0759
44608,438836,445409,445529,433776,41400.0,-0.0148
44607,445444,425503,447226,424601,56340.0,0.046900000000000004
44606,425503,420611,427997,415913,53600.0,0.0116
44605,420611,422055,427251,418801,25880.0,-0.0034000000000000002
44604,422052,423884,430064,417768,37880.0,-0.0043
44603,423884,435193,439151,420234,69950.0,-0.026000000000000002
44602,435210,443889,457552,432425,89690.0,-0.0196
44601,443889,440382,448004,431630,50920.0,0.008
44600,440382,438339,453998,427050,92880.0,0.004699999999999999
44599,438339,423852,444683,416954,76600.0,0.034
44598,423922,414119,426148,411763,31200.0,0.023700000000000002
44597,414121,415665,418998,409633,46320.0,-0.0037
44596,415676,372878,416890,370411,95490.0,0.1148
44595,372878,368902,373043,362973,50350.0,0.0108
44594,368902,387112,388538,366823,53740.0,-0.047
44593,387097,384756,392300,380379,55200.0,0.0055000000000000005
44592,384986,379238,387014,366728,61270.0,0.015300000000000001
44591,379177,381675,383133,373906,34100.0,-0.0066
44590,381708,377365,386637,373502,42770.0,0.0113
44589,377451,371956,379959,361765,69450.0,0.015600000000000001
44588,371643,368001,372154,355432,83520.0,0.009899999999999999
44587,368004,369623,388626,362800,107870.0,-0.0040999999999999995
44586,369506,366913,375018,357293,79680.0,0.0072
44585,366863,362686,374240,329856,153770.0,0.0115
44584,362695,350729,365130,346552,70430.0,0.034
44583,350752,364677,367498,341160,138090.0,-0.0384
44582,364755,406981,411046,355039,155800.0,-0.1041
44581,407159,416836,434871,405683,65280.0,-0.0231
44580,416778,423653,425580,411609,53770.0,-0.016200000000000003
44579,423646,422099,426742,413007,47320.0,0.0037
44578,422093,430805,431796,415594,41440.0,-0.0202
44577,430791,430792,434620,426433,28660.0,-0.0004
44576,430970,430736,437779,425861,31440.0,0.0006
44575,430733,425622,434351,418487,50500.0,0.0121
44574,425600,439000,444047,423375,53420.0,-0.0305
44573,439010,427350,442436,424767,53950.0,0.0273
44572,427332,418291,430902,412876,61780.0,0.0215
44571,418322,418489,422438,396970,85500.0,-0.0004
44570,418483,416812,427644,412609,37510.0,0.0042
44569,416720,415513,423044,405743,52540.0,0.003
44568,415467,430979,431277,408100,88360.0,-0.036000000000000004
44567,430975,434316,437723,424811,63080.0,-0.0076
44566,434259,458331,470194,425351,83740.0,-0.0526
44565,458373,464357,475054,456021,55590.0,-0.0128
44564,464302,472939,475560,457040,41060.0,-0.018600000000000002
44563,473118,477387,479449,467182,27020.0,-0.0089
44562,477380,462175,479176,462175,31240.0,0.0329
44561,462195,471233,485539,456936,58180.0,-0.0192
44560,471233,464707,479014,460030,60960.0,0.014199999999999999
44559,464617,475484,481217,461278,63920.0,-0.022799999999999997
44558,475452,507034,507038,473457,74390.0,-0.061799999999999994
44557,506782,507836,520163,504590,43900.0,-0.002
44556,507799,504040,512470,495270,32340000000000000,0.0074
44555,504064,507896,511402,501968,26670.0,-0.0075
44554,507861,508074,517953,504284,45970.0,-0.0003
44553,508010,485996,513556,480534,56240.0,0.0453
44552,485997,488987,495403,484497,40890.0,-0.0062
44551,489020,469001,493061,466540,57880.0,0.042800000000000005
44550,468952,467034,474889,455773,57530.0,0.0040999999999999995
44549,467045,468557,482702,464384,44050.0,-0.0032
44548,468562,461718,473302,455134,36930.0,0.0148
44547,461722,476304,479972,455238,67500.0,-0.030600000000000002
44546,476282,488766,493878,475439,48200.0,-0.0254
44545,488715,483662,494779,465726,80280.0,0.0104
44544,483665,467098,486350,463383,62540.0,0.0356
44543,467036,500759,501961,458482,80370.0,-0.0674
44542,500810,493325,507792,486705,40300.0,0.0155
44541,493145,471384,494870,468340,45230.0,0.0462
44540,471372,475917,499748,470071,68060.0,-0.0097
44539,475966,504776,507902,473419,58690.0,-0.057
44538,504739,505966,512047,487007,55590.0,-0.0024
44537,505952,505474,519186,500709,56290.0,0.0007000000000000001
44536,505621,494121,509133,472379,89680.0,0.023399999999999997
44535,494055,491964,496893,477978,72030.0,0.0043
44534,491952,536207,538472,425878,168000.0,-0.0827
44533,536315,564952,575436,520089,89200.0,-0.0507
44532,564960,572078,573775,558079,54940.0,-0.0125
44531,572103,568917,590643,564965,66750.0,0.0058
44530,568829,577952,591744,559369,73660.0,-0.0158
44529,577948,572881,588552,567267,58650.0,0.0088
44528,572915,547580,573923,534483,49280.0,0.0461
44527,547659,537472,552803,536543,40710.0,0.019299999999999998
44526,537309,589373,591511,535335,104030.0,-0.0883
44525,589351,571671,593873,570298,56790.0,0.0308
44524,571717,575594,576974,559106,56680.0,-0.006999999999999999
44523,575732,563048,578551,555425,72480.0,0.0225
44522,563088,587197,592883,556568,76450.0,-0.040999999999999995
44521,587143,597240,600026,585283,40980.0,-0.0168
44520,597176,580808,598546,574353,44530.0,0.0281
44519,580834,569083,583359,556263,74440.0,0.019799999999999998
44518,569553,603682,609369,565244,100370.0,-0.0565
44517,603678,600742,608145,585319,73930.0,0.0046
44516,600891,636051,636056,586559,115360.0,-0.0552
44515,635979,655149,663112,634395,53530.0,-0.0292
44514,655082,643972,655082,636083,33980.0,0.0172
44513,643986,641333,649060,633814,30340.0,0.0040999999999999995
44512,641345,647826,654497,623097,63270.0,-0.0104
44511,648067,649228,655833,641219,50370.0,-0.0019
44510,649326,669426,689906,629513,96210.0,-0.029500000000000002
44509,669044,675287,684933,663349,66130.0,-0.0092
44508,675279,632764,677633,632764,81080.0,0.0672
44507,632732,614838,632732,613472,34340.0,0.0291
44506,614839,609732,615432,600936,34890.0,0.0084
44505,609743,614115,625603,607424,44460.0,-0.0070999999999999995
44504,614126,629154,630776,607429,49910.0,-0.0239
44503,629185,632235,635086,608830,61050.0,-0.0048
44502,632217,609122,642564,606515,6526000000000000,0.0379
44501,609153,613101,624301,596127,61210.0,-0.0064
44500,613096,618422,623937,600057,50060.0,-0.0086
44499,618401,622450,623385,607860,40510.0,-0.006500000000000001
44498,622428,605799,629522,603222,63390.0,0.0274
44497,605825,584372,622513,581281,88470.0,0.036699999999999997
44496,584381,603125,614529,581126,88110.0,-0.0311
44495,603108,630675,632751,599073,57130.0,-0.0437
44494,630670,608643,636948,606558,51060.0,0.0362
44493,608665,613082,614699,595237,42670.0,-0.0073
44492,613125,606932,617287,597383,37050.0,0.0103
44491,606903,622008,636997,600557,75690.0,-0.024399999999999998
44490,622102,660046,666169,620921,105380.0,-0.0571
44489,659791,642769,669671,635437,79870.0,0.0265
44488,642785,620302,644540,614510,80160.0,0.0358
44487,620563,615258,626236,600269,80150.0,0.0086
44486,615275,608655,616514,591434,53390.0,0.0109
44485,608611,616692,623292,601619,49930.0,-0.0132
44484,616725,573482,628928,568748,121480.0,0.0754
44483,573458,573704,585065,568668,59840.0,-0.0006
44482,573801,560145,576974,543144,73620.0,0.024399999999999998
44481,560159,574806,576357,541554,74850.0,-0.0254
44480,574773,546869,578141,544578,73840.0,0.051
44479,546877,549425,564322,541008,104430.0,-0.0046
44478,549425,539241,554308,537117,6465000000000000,0.0191
44477,539147,537855,559779,536593,64050.0,0.0024
44476,537839,553252,553256,534764,75680.0,-0.0278
44475,553232,514700,556761,504395,116260.0,0.07490000000000001
44474,514693,492295,518724,490601,76630.0,0.0455
44473,492273,482004,494817,469586,66920.0,0.0213
44472,482001,476654,491652,471230,42410.0,0.011200000000000002
44471,476669,481472,483069,474517,39820.0,-0.01
44470,481460,438244,484352,432929,94660.0,0.0986
44469,438233,415345,441012,414167,6431999999999990,0.055
44468,415368,410231,425712,408150,48210.0,0.0125
44467,410223,421699,427588,409064,60010.0,-0.0273
44466,421726,432009,442932,421439,54120.0,-0.0239
44465,432034,426858,439073,407866,69910.0,0.0121
44464,426868,428187,429593,417145,46350.0,-0.0031
44463,428199,448674,451120,409085,128880.0,-0.045700000000000005
44462,448692,435507,449498,430901,74540.0,0.030299999999999997
44461,435516,406608,439767,405857,93980.0,0.0713
44460,406513,430123,436193,396468,142550.0,-0.0518
44459,428706,472408,473239,425471,77960.0,-0.0925
44458,472387,482999,483419,468666,41980.0,-0.022099999999999998
44457,483067,472839,487610,470705,43640.0,0.0217
44456,472828,477482,481559,467888,50160.0,-0.0097
44455,477480,481323,484806,470403,60910.0,-0.008
44454,481306,470708,484365,467439,63400.0,0.022400000000000003
44453,470775,449502,472476,447187,65330.0,0.0473
44452,449495,460608,468077,434632,96150.0,-0.0242
44451,460623,451626,463864,447552,44520.0,0.0199
44450,451619,448449,459756,447666,41580.0,0.0070999999999999995
44449,448428,463859,470216,442836,75620.0,-0.0333
44448,463856,460576,473057,456090,73630.0,0.006999999999999999
44447,460614,467741,473169,444937,100480.0,-0.0154
44446,467796,526742,528853,430724,187560.0,-0.1119
44445,526721,517694,527262,510028,69460.0,0.0175
44444,517686,499187,518782,494924,57300.0,0.0371
44443,499184,499993,505346,494614,48140.0,-0.0016
44442,499990,492695,510088,483773,88080.0,0.0147
44441,492743,488178,503553,486129,80210.0,0.009300000000000001
44440,488194,471292,491210,465331,74380.0,0.0358
44439,471304,469891,482170,467093,71480.0,0.0029
44438,469927,487771,488860,468769,61680.0,-0.0366
44437,487774,488997,496217,478701,47620.0,-0.0024
44436,488971,490628,492894,484285,36730.0,-0.0034000000000000002
44435,490643,468302,491420,463715,62470.0,0.04769999999999999
44434,468316,489944,493478,463604,73790.0,-0.0441
44433,489945,477074,492302,471633,63540.0,0.0268
44432,477147,495325,498474,476236,74260.0,-0.0368
44431,495397,492554,504988,490386,75370.0,0.0058
44430,492545,488704,494803,481510,49320.0,0.0077
44429,488758,493300,497191,482935,18200.0,-0.0091
44428,493240,467567,493433,466468,83190.0,0.054900000000000004
44427,467559,447259,470123,439867,77920.0,0.0454
44426,447238,446911,460049,442300,22360.0,0.0007000000000000001
44425,446916,459075,471406,444413,84140.0,-0.028399999999999998
44424,459963,469916,480024,456721,2410.0,-0.0212
44423,469913,470826,473441,455641,58110.0,-0.0019
44422,470815,478096,480909,461172,6429000000000000,-0.0152
44421,478091,444040,478360,442424,75270.0,0.0767
44420,444034,455623,462138,438147,81070.0,-0.0255
44419,455643,455932,467365,453679,75430.0,-0.0006
44418,455938,462818,466634,446812,80550.0,-0.0149
44417,462843,437949,464607,428241,117080.0,0.056900000000000006
44416,437928,445849,452841,433144,105250.0,-0.0184
44415,446142,427847,446973,426110,112840.0,0.0425
44414,427954,408684,432534,399054,111930.0,0.0472
44413,408672,397344,413663,373654,130600.0,0.028399999999999998
44412,397369,381884,399565,375560,79220.0,0.0421
44411,381303,391674,397666,376882,260.0,-0.0265
44410,391684,398698,404490,386925,74810.0,-0.0178
44409,398783,415100,425650,395565,80330.0,-0.0403
44408,415537,422014,422853,410664,44650.0,-0.0154
44407,422034,400011,422644,383584,98450.0,0.055
44406,400014,400090,406307,393408,75300.0,0.0
44405,400032,394504,408622,388838,148920.0,0.013999999999999999
44404,394520,372943,394559,364274,100240.0,0.0584
44403,372766,353923,405229,352367,177630.0,0.0533
44402,353911,343925,353911,338813,6509999999999990,0.0463
44401,338248,336005,339550,334129,67140.0,0.0066
44400,336033,322979,336056,320411,66150.0,0.0404
44399,322989,321317,325854,317294,6487000000000000,0.0052
44398,321314,297947,327946,295193,118340.0,0.0785
44397,297938,308354,310408,293102,97460.0,-0.0338
44396,308372,317829,318870,304782,77480.0,-0.0298
44395,317854,315179,324082,312206,57010.0,0.0085
44394,315186,313844,319148,312078,58060.0,0.004
44393,313940,318423,322398,310622,70480.0,-0.013999999999999999
44392,318405,328205,331570,311758,76950.0,-0.029900000000000003
44391,328207,327278,330519,316112,69560.0,0.0028000000000000004
44390,327281,331061,333077,322595,60040.0,-0.0116
44389,331130,342283,345980,326628,63240.0,-0.0326
44388,342277,335108,345806,333198,35720.0,0.021400000000000002
44387,335106,337977,342210,330568,50940.0,-0.0085
44386,337974,328663,340792,323670,67140.0,0.028300000000000002
44385,328663,338594,339232,321469,108090.0,-0.0296
44384,338678,342287,350366,338013,72030.0,-0.0105
44383,342256,336885,350620,335817,83630.0,0.016
44382,336878,352970,353005,331641,88360.0,-0.045599999999999995
44381,352982,347428,359576,347401,56130.0,0.016
44380,347428,338142,349098,333633,55690.0,0.0275
44379,338134,335422,339259,327346,78930.0,0.008
44378,335436,350307,350327,328392,27410.0,-0.042300000000000004
44377,350269,358326,360895,341266,107070.0,-0.0225
44376,358347,344773,365903,342476,97270.0,0.0394
44375,344759,346822,352312,339449,112000.0,-0.0058
44374,346785,322471,346855,320417,148800.0,0.0755
44373,322434,315921,326430,302069,156670.0,0.0206
44372,315940,346605,354909,313379,193430.0,-0.0886
44371,346658,336781,352499,323567,119250.0,0.0294
44370,336743,324983,347843,317365,173340.0,0.0362
44369,324964,316827,332725,289018,309650.0,0.0254
44368,316920,355979,357084,312841,256870.0,-0.1097
44367,355958,355109,360979,333780,137480.0,0.0023
44366,355134,357700,363573,348455,105460.0,-0.0066
44365,357494,380455,381660,351985,102840.0,-0.0605
44364,380520,383378,395299,374253,109580.0,-0.0074
44363,383360,401481,404944,381564,123520.0,-0.0453
44362,401561,405225,413180,395899,117550.0,-0.0092
44361,405294,390241,409704,387699,157350.0,0.038599999999999995
44360,390229,354675,393216,348270,123320.0,0.1002
44359,354675,373344,374373,347033,87730.0,-0.0495
44358,373146,366543,376411,360033,109150.0,0.0181
44357,366494,373752,383408,358240,154320.0,-0.0183
44356,373322,333855,375176,324286,209820.0,0.1183
44355,333829,335746,340478,311581,193540.0,-0.0058
44354,335780,358154,367546,334101,119500.0,-0.0625
44353,358154,355187,364340,352653,62200.0,0.0083
44352,355200,368412,378876,348320,101480.0,-0.0361
44351,368513,391914,392554,356599,127710.0,-0.0596
44350,391873,375557,394623,371936,106440.0,0.0434
44349,375558,366877,381999,359811,96890.0,0.023700000000000002
44348,366876,372943,378503,357427,113480.0,-0.016399999999999998
44347,372986,356440,374807,342132,131700.0,0.0462
44346,356528,345893,363886,334410,104180.0,0.030899999999999997
44345,345846,356645,372271,336642,160430.0,-0.0302
44344,356625,385432,388441,347724,199580.0,-0.0717
44343,384173,392490,403222,371908,122930.0,-0.0212
44342,392492,383757,407500,378470,153800.0,0.0227
44341,383783,387536,397408,365407,163010.0,-0.0096
44340,387506,347203,398517,344746,244880.0,0.1174
44339,346797,374468,382487,311924,325730.0,-0.0739
44338,374483,372910,387760,353149,185830.0,0.004
44337,372974,406112,421083,335923,315500.0,-0.084
44336,407172,367068,424259,350104,269750.0,0.10880000000000001
44335,367205,428983,435166,302617,607100.0,-0.14400000000000002
44334,428973,435385,457709,422939,154960.0,-0.0148
44333,435413,464242,465454,422015,274760.0,-0.0621
44332,464264,467293,497643,439208,180070.0,-0.006
44331,467088,498391,506409,466502,131910.0,-0.06280000000000001
44330,498398,497049,514592,488740,118840.0,0.0027
44329,497046,493982,513373,463311,236710.0,0.006500000000000001
44328,493842,566945,579385,491870,160740.0,-0.129
44327,566957,558461,568711,545504,96470.0,0.0152
44326,558489,582512,595239,536783,142610.0,-0.040999999999999995
44325,582383,588406,592270,564144,103590.0,-0.0102
44324,588401,573303,594711,569722,101270.0,0.0262
44323,573372,564114,586393,553001,110010.0,0.0165
44322,564054,574410,583649,552945,109020.0,-0.018000000000000002
44321,574413,538725,579364,538725,119820.0,0.0688
44320,537415,571706,572013,537415,132330.0,-0.06
44319,571698,566058,589251,565624,89240.0,0.01
44318,566038,578072,578684,561105,53610.0,-0.0208
44317,578071,577191,584494,570295,63410.0,0.0015
44316,577203,535623,579256,530887,103740.0,0.07769999999999999
44315,535608,548386,551737,524000,83900.0,-0.023399999999999997
44314,548414,550360,564199,538764,86960.0,-0.0034999999999999996
44313,550365,540111,554278,533450,84080.0,0.018799999999999997
44312,540205,489635,543209,488159,12975999999999900,0.1033
44311,489636,500882,505324,470985,59200.0,-0.0225
44310,500889,511408,511830,487752,82250.0,-0.0206
44309,511436,517071,520999,476594,214460.0,-0.0113
44308,517295,538213,554084,505909,168130.0,-0.0388
44307,538202,564795,567644,536576,100260.0,-0.0471
44306,564832,556451,570549,534225,115490.0,0.015
44305,556461,562081,575170,542723,117510.0,-0.01
44304,562071,600432,603621,518176,216810.0,-0.0639
44303,600419,613583,625091,596721,84080.0,-0.0218
44302,613797,632116,635185,600273,136850.0,-0.028999999999999998
44301,632160,629786,637291,620675,76970.0,0.0037
44300,629804,635442,647780,613663,130430.0,-0.0088
44299,635409,598636,636590,598394,126560.0,0.061399999999999996
44298,598638,599821,612599,595692,81880.0,-0.0019
44297,599787,597724,606671,592503,58200.0,0.0039000000000000003
44296,597484,581274,612290,579000,103720.0,0.027999999999999997
44295,581187,580768,588909,576860,59220.0,0.0007000000000000001
44294,580774,559480,581367,557216,64780.0,0.038
44293,559487,579963,586277,554893,110690.0,-0.0353
44292,579963,591690,594870,574033,77150.0,-0.0169
44291,589934,582023,592051,568427,54130.0,0.013600000000000001
44290,581999,570597,584648,564706,57210.0,0.02
44289,570599,589768,597705,569067,68740.0,-0.0325
44288,589773,587182,601349,584665,72370.0,0.0044
44287,587183,587632,594065,580407,69040.0,-0.0008
44286,587637,587714,597956,569916,98060.0,-0.0001
44285,587713,576146,593669,570771,86210.0,0.02
44284,576162,557647,583926,549511,107910.0,0.0332
44283,557652,558569,565042,547113,58710.0,-0.0017000000000000001
44282,558629,550338,565311,540102,73870.0,0.015
44281,550361,513174,550741,513020,100300.0,0.0724
44280,513223,523300,531754,504413,143350.0,-0.0192
44279,523254,543091,571694,517254,137910.0,-0.0391
44278,544525,541175,558138,529923,84840.0,0.0054
44277,541583,573793,583799,537842,95530.0,-0.0562
44276,573838,580974,585838,555833,77470.0,-0.012199999999999999
44275,580934,580841,598821,578630,67830.0,0.0001
44274,580880,576450,594483,563051,83980.0,0.0075
44273,576560,589118,600880,570996,102620.0,-0.0213
44272,589135,568929,589332,542532,118260.0,0.0356
44271,568897,556195,568897,533426,12850999999999900,0.0197
44270,557913,591174,605659,550888,117710.0,-0.0562
44269,591137,611927,616737,591137,80290.0,-0.034
44268,611953,572674,617958,561188,134640.0,0.06860000000000001
44267,572651,578062,580523,551345,116960.0,-0.0092
44266,577995,558512,581350,543518,129630.0,0.0349
44265,558519,548827,573287,530736,140960.0,0.0177
44264,548790,523524,548806,519413,114060.0,0.049100000000000005
44263,523110,509889,523849,493381,68140.0,0.026099999999999998
44262,509823,488990,514341,488906,82910.0,0.0435
44261,488556,487987,491918,471328,66660.0,0.0013
44260,487925,483636,494294,463701,113640.0,0.0075
44259,484280,503880,517577,475218,9560.0,-0.039
44258,503951,484222,525679,481592,44930.0,0.0407
44257,484242,495956,501919,471006,102100.0,-0.0236
44256,495955,451605,497740,450088,137520.0,0.0981
44255,451640,461360,465820,431006,135080.0,-0.021099999999999997
44254,461367,463331,483351,450594,98750.0,-0.0045000000000000005
44253,463456,469285,484139,442482,189410.0,-0.0124
44252,469285,496959,520138,467737,83220.0,-0.0557
44251,496975,489111,513118,470317,153750.0,0.0161
44250,489112,541141,541150,450938,315070.0,-0.09609999999999999
44249,541118,574376,574808,483538,244950.0,-0.057800000000000004
44248,574338,559076,583351,555027,87260.0,0.027000000000000003
44247,559237,559220,575238,541241,127850.0,0.0003
44246,559066,515901,562385,508168,139430.0,0.08380000000000001
44245,515822,520945,525240,509416,94350.0,-0.0095
44244,520792,491613,525777,490181,140030.0,0.0592
44243,491697,479342,505158,470444,141370.0,0.025699999999999997
44242,479363,486111,489365,457861,123180.0,-0.014499999999999999
44241,486434,471721,496951,470519,106500.0,0.0313
44240,471687,473731,480973,462705,89420.0,-0.0043
44239,473717,479950,489274,462186,133730.0,-0.0129
44238,479907,448348,486221,440411,145770.0,0.0704
44237,448360,465078,472953,438005,151830.0,-0.036000000000000004
44236,465086,463964,481435,451047,193870.0,0.0024
44235,463957,388536,465964,380570,248470.0,0.1941
44234,388529,392289,396917,373816,125370.0,-0.0103
44233,392566,383006,409397,382753,156020.0,0.025
44232,382976,369764,383036,366400,100600.0,0.0356
44231,369821,376489,387079,363808,151440.0,-0.0177
44230,376468,354869,376468,354015,131030.0,0.060899999999999996
44229,354852,335140,359761,334624,120850.0,0.0588
44228,335157,331068,346856,323249,126320.0,0.0123
44227,331081,342816,343483,321899,101920.0,-0.034300000000000004
44226,342831,343000,349209,329085,128570.0,-0.0005
44225,343018,333817,385460,319533,297730.0,0.0278
44224,333748,304089,337908,299119,167390.0,0.0977
44223,304040,324996,325454,292904,194350.0,-0.0646
44222,325021,322441,329177,308500,139840.0,0.0077
44221,322523,322443,348543,319674,142430.0,0.0003
44220,322413,320885,330348,309829,88210.0,0.004699999999999999
44219,320889,329941,334414,314182,100700.0,-0.0276
44218,330005,308387,338212,288712,243090.0,0.07
44217,308421,354723,355911,301018,253270.0,-0.1306
44216,354763,358621,363844,334445,153610.0,-0.0146
44215,360029,366306,378210,360014,79110.0,-0.0167
44214,366132,358382,374368,348010,111520.0,0.0216
44213,358396,360201,368013,338835,126820.0,-0.005
44212,360195,367518,379317,354084,137020.0,-0.022400000000000003
44211,368458,391757,397150,344887,118420.0,-0.059500000000000004
44210,391757,373834,400543,367721,172400.0,0.048
44209,373822,340612,377646,324519,209930.0,0.09699999999999999
44208,340761,354260,365987,325727,241930.0,-0.041299999999999996
44207,355443,381953,382172,304116,251040.0,-0.0693
44206,381922,401497,413624,351416,215780.0,-0.048799999999999996
44205,401519,406072,413635,387751,12841999999999900,-0.011000000000000001
44204,405993,394664,419217,366134,251290.0,0.028900000000000002
44203,394602,367985,403409,363612,249600.0,0.0725
44202,367932,339993,369348,334083,227560.0,0.0824
44201,339915,320154,344147,300105,202130.0,0.061500000000000006
44200,320226,330166,335875,282045,255270.0,-0.028399999999999998
44199,329589,321929,347559,320296,155210.0,0.023799999999999998
44198,321933,293597,332335,290080,240870.0,0.0965
44197,293599,289517,296271,287124,100900.0,0.014199999999999999
44196,289494,288668,292988,280250,136690.0,0.0028000000000000004
44195,288687,273745,289793,273745,159820.0,0.0545
44194,273760,270653,273907,259028,119570.0,0.0118
44193,270578,262592,274449,261443,126980.0,0.030299999999999997
44192,262613,264603,283603,258582,231230.0,-0.0073
44191,264544,247147,268260,245151,155770.0,0.07150000000000001
44190,246896,237287,247789,234453,2400.0,0.04019999999999999
44189,237365,232532,237837,227373,104590.0,0.0206
44188,232579,238208,240637,226947,178470.0,-0.023700000000000002
44187,238232,227304,238254,223886,130750.0,0.0482
44186,227285,234741,241019,220155,154690.0,-0.0318
44185,234749,238436,242809,230989,114090.0,-0.0155
44184,238440,231276,241071,227970,133880.0,0.031
44183,231279,228233,232728,223615,131800.0,0.013300000000000001
44182,228254,213523,237380,212431,310740.0,0.069
44181,213522,194347,215253,192997,199810.0,0.0987
44180,194349,192739,195563,190762,98390.0,0.0084
44179,192738,191764,193465,190070,67110.0,0.0051
44178,191768,188081,194036,187168,82450.0,0.0196
44177,188089,180267,189362,180251,71370.0,0.0436
44176,180236,182505,182883,176001,111530.0,-0.0123
44175,182472,185461,185518,179268,85310.0,-0.0161
44174,185460,183224,186379,176588,129720.0,0.012
44173,183266,191708,192886,182292,101410.0,-0.044000000000000004
44172,191707,193684,194246,189088,61980.0,-0.0108
44171,193799,191460,194171,188730,54560.0,0.012199999999999999
44170,191465,186575,191727,185071,59440.0,0.0262
44169,186581,194311,195295,186108,110630.0,-0.039900000000000005
44168,194333,192198,195966,188837,99970.0,0.011200000000000002
44167,192188,187679,193355,183467,91920.0,0.0239
44166,187707,196978,198974,182570,208720.0,-0.0471
44165,196981,181860,198312,181860,185590.0,0.0832
44164,181855,177297,183363,175304,79120.0,0.025699999999999997
44163,177307,171426,178744,168744,95200.0,0.0352
44162,171271,171609,174503,164816,138800.0,-0.002
44161,171620,187219,188949,162352,312070.0,-0.0834
44160,187230,191515,194867,185277,146120.0,-0.022400000000000003
44159,191526,183946,194166,180748,180790.0,0.0421
44158,183796,184281,187568,180160,127350.0,-0.0018
44157,184129,186893,187515,176446,121760.0,-0.0147
44156,186872,186738,189660,183975,108910.0,0.0006
44155,186752,178055,188110,177584,134420.0,0.049
44154,178035,177751,181660,173801,135940.0,0.0016
44153,177746,176623,184661,172589,233430.0,0.0064
44152,176623,167158,178454,165620,175870.0,0.056600000000000004
44151,167158,159541,168807,158707,118090.0,0.0478
44150,159530,160747,161581,157823,58430.0,-0.0073
44149,160710,163231,163282,157177,83640.0,-0.0155
44148,163242,162930,164741,159734,113750.0,0.0018
44147,162947,156958,163427,154835,165540.0,0.0382
44146,156958,153031,159539,152810,119070.0,0.0256
44145,153036,153280,154653,150965,93360.0,-0.0015
44144,153272,154833,158196,148169,165040.0,-0.0101
44143,154837,148266,156483,147207,94990.0,0.044199999999999996
44142,148284,155782,157544,143851,160730.0,-0.0481
44141,155779,155939,159552,152235,186130.0,-0.0006
44140,155871,141456,157399,140997,227490.0,0.10189999999999999
44139,141456,140230,142388,135444,140800.0,0.009000000000000001
44138,140199,135605,140540,132946,108170.0,0.0338
44137,135614,137597,138284,132142,97760.0,-0.0144
44136,137594,137955,138895,136287,51710.0,-0.0027
44135,137973,135602,140654,134417,102750.0,0.0175
44134,135599,134570,136679,131345,108770.0,0.0076
44133,134572,132783,136400,129829,111230.0,0.0134
44132,132789,136583,138517,129076,144180.0,-0.0277
44131,136578,130615,137823,130503,12863999999999900,0.045599999999999995
44130,130616,130330,132297,127924,89470.0,0.0023
44129,130322,131170,133453,129004,59730.0,-0.006500000000000001
44128,131172,129336,131615,128764,51200.0,0.014199999999999999
44127,129341,129727,130255,127389,73940.0,-0.0031
44126,129746,128055,131839,126982,113310.0,0.013000000000000001
44125,128087,119136,132135,118946,197720.0,0.0751
44124,119135,117539,120294,116857,94590.0,0.013600000000000001
44123,117534,115071,118233,114139,73040.0,0.021400000000000002
44122,115069,113621,115069,113498,31510.0,0.0127
44121,113621,113218,114027,112744,29860.0,0.0034999999999999996
44120,113220,115032,115422,112246,71420.0,-0.015700000000000002
44119,115030,114214,115909,112767,70840.0,0.0072
44118,114204,114244,115410,112935,59120.0,-0.0003
44117,114238,115335,115580,113159,64670.0,-0.0095
44116,115339,113708,117159,112274,84020.0,0.0143
44115,113710,112956,114394,112776,41060.0,0.0064
44114,112984,110535,114750,110531,65810.0,0.022099999999999998
44113,110542,109235,111030,108369,70950.0,0.011899999999999999
44112,109241,106707,109486,105496,79780.0,0.023700000000000002
44111,106709,106010,106801,105533,49270.0,0.0064
44110,106026,107902,108003,105308,69070.0,-0.0173
44109,107895,106725,107896,106234,48860.0,0.0109
44108,106729,105444,106933,105208,31400.0,0.012199999999999999
44107,105442,105722,105978,105012,29100.0,-0.0027
44106,105723,106196,106629,103876,77940.0,-0.0045000000000000005
44105,106205,107766,109137,104627,95330.0,-0.0144
44104,107761,108434,108477,106676,55550.0,-0.006
44103,108409,106943,108584,106424,59640.0,0.0138
44102,106932,107764,109466,106852,72290.0,-0.0077
44101,107762,107279,107992,106027,40920.0,0.0045000000000000005
44100,107279,106889,107933,106502,37850.0,0.0037
44099,106888,107399,107560,105589,71430.0,-0.004699999999999999
44098,107394,102381,107878,102010,82950.0,0.049
44097,102373,105315,105354,101466,74950.0,-0.0279
44096,105315,104194,105707,103617,63520.0,0.011000000000000001
44095,104168,109199,109872,103285,109850.0,-0.0462
44094,109215,110816,110816,107727,53390.0,-0.014499999999999999
44093,110818,109330,111771,108907,51630.0,0.013600000000000001
44092,109330,109413,110297,108187,63480.0,-0.0008
44091,109413,109501,110393,107552,77220.0,-0.0007000000000000001
44090,109495,107852,110933,106692,94940.0,0.0152
44089,107853,106752,109318,106278,91700.0,0.0103
44088,106753,103327,107443,102645,96640.0,0.0338
44087,103260,104417,105796,102194,66120.0,-0.0111
44086,104419,103902,104768,102759,48490.0,0.005
44085,103902,103398,103988,102126,62280.0,0.0049
44084,103397,102243,104803,102192,88010.0,0.0113
44083,102246,101268,103433,99846,71370.0,0.0097
44082,101266,103769,104344,98771,113900.0,-0.0241
44081,103769,102964,104009,98870,12400000.0,0.0078000000000000005
44080,102964,100922,103377,100047,12120000.0,0.0202
44079,100922,104723,105587,98978,14720000.0,-0.0363
44078,104725,101687,106142,99603,12500000.0,0.029900000000000003
44077,101688,114132,114427,100095,9650000.0,-0.109
44076,114133,119144,119475,112449,20260000.0,-0.0421
44075,119149,116442,120459,115446,580690.0,0.0232
44074,116442,117011,117602,115638,496140.0,-0.0049
44073,117020,114681,117042,114626,409360.0,0.0204
44072,114681,115278,115768,114335,389850.0,-0.0051
44071,115274,113275,115390,112819,464940.0,0.0177
44070,113274,114623,115803,111353,560590.0,-0.0118
44069,114623,113249,115336,112546,51305999999999900,0.0121
44068,113248,117529,117669,111310,594070.0,-0.0365
44067,117535,116416,118246,115871,429130.0,0.0096
44066,116416,116611,117054,115208,377330.0,-0.0017000000000000001
44065,116613,115292,116770,113821,433980.0,0.0115
44064,115292,118569,118774,114956,506380.0,-0.0276
44063,118569,117510,118810,116727,430930.0,0.0091
44062,117502,119444,120132,116026,550260.0,-0.0165
44061,119476,122830,123814,118420,606790.0,-0.0273
44060,122826,118988,124441,117640,628410.0,0.0322
44059,118990,118455,119225,116889,410810.0,0.0045000000000000005
44058,118453,117511,119640,117115,499100.0,0.008
44057,117508,117711,118355,116515,435440.0,-0.0017000000000000001
44056,117709,115572,117729,112984,545670.0,0.018500000000000003
44055,115572,113904,116054,111906,549590.0,0.0146
44054,113904,118892,119318,111467,615900.0,-0.04190000000000001
44053,118892,116811,120411,115469,564110.0,0.0178
44052,116812,117644,117928,115275,303000.0,-0.0070999999999999995
44051,117643,115916,118055,115335,317060.0,0.0149
44050,115920,117571,119018,113524,517000.0,-0.013999999999999999
44049,117571,117350,118984,115630,554850.0,0.0019
44048,117351,111848,117715,111145,570830.0,0.0492
44047,111847,112238,114078,110430,485790.0,-0.0034999999999999996
44046,112244,110669,114611,109816,470240.0,0.014199999999999999
44045,110668,118026,120611,107307,647950.0,-0.062400000000000004
44044,118031,113332,118477,112261,611470.0,0.0414
44043,113334,110965,114348,109646,530950.0,0.021400000000000002
44042,110962,111058,111644,108616,501140.0,-0.0009
44041,111059,109084,113365,107718,576830.0,0.0181
44040,109085,109611,110461,108736,658370.0,-0.0104
44039,110228,99327,113670,98946,908990.0,0.10980000000000001
44038,99325,96900,100866,96459,415070.0,0.0235
44037,97041,95467,97293,95362,306290.0,0.0165
44036,95464,95992,96262,94805,359160.0,-0.0055000000000000005
44035,95996,95136,96465,94511,425660.0,0.009000000000000001
44034,95137,93874,95231,92960,386000.0,0.013500000000000002
44033,93873,91623,94269,91551,458990.0,0.0246
44032,91624,92081,92184,91399,312980.0,-0.005
44031,92080,91701,92248,91064,265250.0,0.0040999999999999995
44030,91702,91558,91988,91267,276400.0,0.0016
44029,91558,91354,91819,90915,310920.0,0.0022
44028,91353,91987,92242,90520,429040.0,-0.0069
44027,91987,92536,92702,91687,429840.0,-0.0059
44026,92534,92431,92748,91357,453830.0,0.0011
44025,92436,93005,93296,92076,456870.0,-0.0062
44024,93008,92342,93378,91704,366880.0,0.0073
44023,92333,92858,92955,91842,353920.0,-0.005600000000000001
44022,92851,92390,93098,91319,418470.0,0.0053
44021,92357,94301,94345,91760,444270.0,-0.0206
44020,94299,92563,94583,92331,509940.0,0.018799999999999997
44019,92560,93388,93712,92093,420550.0,-0.0089
44018,93390,90804,93630,90632,510270.0,0.028399999999999998
44017,90810,91343,91496,89321,314100.0,-0.0058
44016,91344,90671,91823,90496,261250.0,0.0074
44015,90671,90850,91204,90509,333880.0,-0.002
44014,90851,92299,92597,89621,483100.0,-0.015700000000000002
44013,92299,91359,92890,91011,366780.0,0.0103
44012,91354,91860,91998,90753,381730.0,-0.0054
44011,91854,91228,92291,90336,401120.0,0.0067
44010,91240,90084,91855,89502,329010.0,0.0128
44009,90083,91605,91905,88653,441930.0,-0.0166
44008,91600,92475,92965,90601,489840.0,-0.0095
44007,92475,93008,93273,90226,524450.0,-0.0059
44006,93020,96246,96674,92230,515780.0,-0.0335
44005,96246,96839,97156,95818,375490.0,-0.0060999999999999995
44004,96837,92965,97519,92858,52332000000000000,0.0417
44003,92964,93588,94112,92885,335990.0,-0.0067
44002,93588,93140,93945,91998,383440.0,0.0048
44001,93140,93903,94240,92496,478490.0,-0.0079
44000,93881,94646,94804,92893,391670.0,-0.008100000000000001
43999,94646,95236,95436,92582,446450.0,-0.0062
43998,95235,94256,95771,93793,545470.0,0.0104
43997,94254,93455,94897,89256,750900.0,0.0086
43996,93453,94707,94747,92644,311270.0,-0.013300000000000001
43995,94713,94665,94849,93699,364970.0,0.0005
43994,94666,92837,95475,92494,529280.0,0.0197
43993,92832,98789,99452,91391,919300.0,-0.0603
43992,98788,97688,99709,97107,533550.0,0.0113
43991,97688,97777,98572,96166,479550.0,-0.0009
43990,97779,97434,97882,96623,431040.0,0.0036
43989,97426,96696,97918,94174,549200.0,0.0076
43988,96696,96308,97331,95495,370850.0,0.004
43987,96312,97940,98461,96287,527050.0,-0.0167
43986,97944,96672,98644,94909,593660.0,0.0132
43985,96672,95270,96672,94217,558120.0,0.0147
43984,95276,101907,102073,93473,1060000.0,-0.0649
43983,101893,94545,103018,94297,796680.0,0.07769999999999999
43982,94548,96929,96956,94062,645270.0,-0.0245
43981,96925,94248,97299,93527,720620.0,0.028399999999999998
43980,94248,95734,95965,93581,814330.0,-0.0154
43979,95722,91998,96108,91192,948860.0,0.0406
43978,91991,88423,92109,88186,810890.0,0.0403
43977,88425,88977,89946,87139,784920.0,-0.0063
43976,88982,87280,89595,86661,941890.0,0.0195
43975,87282,91779,92920,87241,1110000.0,-0.0489
43974,91770,91698,93032,90989,812560.0,0.0008
43973,91697,90582,92535,89521,914590.0,0.012199999999999999
43972,90590,95116,95671,88336,1410000.0,-0.047599999999999996
43971,95123,97730,98293,93684,1150000.0,-0.026699999999999998
43970,97733,97308,98839,94987,1160000.0,0.0044
43969,97307,96784,99302,95244,1180000.0,0.0055000000000000005
43968,96777,93766,98660,93278,1180000.0,0.0318
43967,93795,93181,95790,92330,1100000.0,0.0066
43966,93180,97786,98196,92232,1560000.0,-0.0471
43965,97784,92987,98875,92658,1770000.0,0.0516
43964,92987,88139,93846,87991,1500000.0,0.055
43963,88138,85698,89645,85428,1350000.0,0.0273
43962,85798,87376,91296,82356,2290000.0,-0.0182
43961,87388,95539,95694,82593,2470000.0,-0.08539999999999999
43960,95546,98060,99105,95336,1490000.0,-0.025699999999999997
43959,98062,99801,100182,97314,1420000.0,-0.0174
43958,99798,91527,100330,90648,1910000.0,0.09050000000000001
43957,91514,90006,93737,89236,1620000.0,0.0167
43956,90010,88742,90787,88004,1050000.0,0.014199999999999999
43955,88747,88855,89455,85532,1120000.0,-0.0012
43954,88855,89662,91699,87422,1150000.0,-0.009000000000000001
43953,89663,88216,89862,87713,890340.0,0.016399999999999998
43952,88216,86286,90403,86210,1110000.0,0.0223
43951,86290,87706,94375,84255,2040000.0,-0.016200000000000003
43950,87709,77467,89185,77297,1830000.0,0.1322
43949,77469,77660,77701,76553,808090.0,-0.0025
43948,77660,76794,77685,76377,980500.0,0.0113
43947,76789,75404,76794,75205,921590.0,0.0184
43946,75404,75039,76846,74510,861930.0,0.0049
43945,75038,74913,75835,74235,951950.0,0.002
43944,74885,71128,76554,70365,1340000.0,0.0528
43943,71129,68425,71374,68218,914180.0,0.0395
43942,68425,68334,69193,67743,892570.0,0.0013
43941,68335,71229,72075,67712,1260000.0,-0.0406
43940,71229,72309,72380,70791,5930000.0,-0.0149
43939,72308,70359,72594,70315,796450.0,0.0277
43938,70358,70855,71428,70058,810100.0,-0.006999999999999999
43937,70856,66291,71597,65205,1540000.0,0.0689
43936,66291,68513,69295,66159,1000000.0,-0.032400000000000005
43935,68509,68418,69708,67686,999530.0,0.0014000000000000002
43934,68413,69181,69203,66185,1250000.0,-0.011000000000000001
43933,69176,68679,71588,67851,1100000.0,0.0073
43932,68678,68627,69314,67651,845580.0,0.0007000000000000001
43931,68631,72890,72944,67561,1370000.0,-0.0584
43930,72890,73611,73611,71403,963550.0,-0.0098
43929,73612,71856,73961,71531,983940.0,0.0245
43928,71852,73323,74403,71017,1320000.0,-0.020099999999999996
43927,73323,67728,73350,67701,1530000.0,0.08259999999999999
43926,67727,68575,68894,66860,842330.0,-0.0123
43925,68574,67359,69586,66791,1050000.0,0.018000000000000002
43924,67359,67999,70263,66236,1350000.0,-0.0095
43923,68005,66388,71827,65679,1740000.0,0.024399999999999998
43922,66385,64124,66613,61574,1400000.0,0.0352
43921,64125,63911,65131,63463,1050000.0,0.0034000000000000002
43920,63910,58904,65765,58725,1430000.0,0.085
43919,58904,62332,62588,58893,916170.0,-0.055099999999999996
43918,62337,63734,63743,60465,1260000.0,-0.0219
43917,63734,67255,68137,63223,1160000.0,-0.052300000000000006
43916,67251,66779,67729,65417,1180000.0,0.0069
43915,66789,67448,69302,64746,1520000.0,-0.0097
43914,67446,64688,68142,63808,1730000.0,0.0426
43913,64689,58220,65647,57108,1880000.0,0.11109999999999999
43912,58221,61869,63944,57712,1480000.0,-0.058899999999999994
43911,61862,62056,64383,58870,1640000.0,-0.0031
43910,62053,61716,68581,57482,2220000.0,0.0054
43909,61720,53592,63795,52560,2180000.0,0.1512
43908,53614,52607,53731,50209,1800000.0,0.0191
43907,52611,50302,54328,49465,1890000.0,0.045899999999999996
43906,50300,53664,53693,44777,2550000.0,-0.06269999999999999
43905,53663,51829,58633,51206,1610000.0,0.0354
43904,51827,55894,56349,50722,1690000.0,-0.0719
43903,55843,48152,59343,38695,4170000.0,0.15710000000000002
43902,48260,79352,79631,45466,3220000.0,-0.3918
43901,79351,78921,79765,76060,1100000.0,0.005600000000000001
43900,78912,79330,81455,77402,1200000.0,-0.0053
43899,79330,80358,81588,76487,1540000.0,-0.0126
43898,80341,88878,88880,80153,1110000.0,-0.09609999999999999
43897,88878,91342,91808,88487,750650.0,-0.027000000000000003
43896,91348,90606,91652,90049,1040000.0,0.008199999999999999
43895,90603,87579,91473,87515,950760.0,0.0345
43894,87579,87613,88403,86797,759690.0,-0.0004
43893,87614,89061,89117,86693,1010000.0,-0.0161
43892,89048,85375,89618,85031,1020000.0,0.042699999999999995
43891,85400,85438,87372,84372,784050.0,-0.0004
43890,85437,86971,87937,85398,683440.0,-0.0177
43889,86975,88201,88987,84519,1080000.0,-0.0137
43888,88186,88001,89683,85385,1130000.0,0.0021
43887,88003,93171,93681,86720,1320000.0,-0.0555
43886,93172,96626,96723,92698,937970.0,-0.035699999999999996
43885,96627,99432,99810,95070,980000.0,-0.0282
43884,99427,96556,99656,96534,775880.0,0.0297
43883,96557,96845,97065,95698,589880.0,-0.003
43882,96845,96022,97471,95745,716610.0,0.0085
43881,96024,96119,96814,94489,870800.0,-0.0007000000000000001
43880,96094,101586,102309,94243,905950.0,-0.054000000000000006
43879,101584,97015,102301,96016,945910.0,0.0471
43878,97014,99317,99515,94689,961880.0,-0.0232
43877,99323,99074,100564,96549,808910.0,0.0025
43876,99077,103360,103698,98317,808810.0,-0.0412
43875,103330,102355,103724,101252,732510.0,0.0096
43874,102351,103219,104826,101169,940300.0,-0.008
43873,103177,102293,104356,102293,803250.0,0.0086
43872,102295,98540,103141,97251,791280.0,0.0381
43871,98541,101515,101817,97748,781220.0,-0.029300000000000003
43870,101515,98954,101571,98827,617350.0,0.0259
43869,98955,98173,99312,96732,551310.0,0.0078000000000000005
43868,98186,97719,98725,97387,608960.0,0.0048
43867,97720,96118,98549,95361,778670.0,0.0167
43866,96118,91941,97268,91799,771460.0,0.0454
43865,91939,92965,93475,91939,651680.0,-0.011000000000000001
43864,92966,93346,95828,92431,701390.0,-0.0040999999999999995
43863,93349,93815,94654,91831,683370.0,-0.005
43862,93816,93493,94588,93015,458420.0,0.0034999999999999996
43861,93491,95083,95250,92223,633370.0,-0.0166
43860,95073,92991,95690,92092,765210.0,0.022400000000000003
43859,92989,93773,94287,92509,749880.0,-0.0084
43858,93773,88666,93895,88666,954200.0,0.0576
43857,88666,86081,89831,85856,706450.0,0.0301
43856,86078,83416,86078,83049,468340.0,0.0319
43855,83416,84399,84476,82772,444000.0,-0.011699999999999999
43854,84399,84049,85220,82426,617020.0,0.0040999999999999995
43853,84051,86785,86873,83096,722670.0,-0.0315
43852,86785,87330,88054,86108,509060.0,-0.0062
43851,87326,86420,87703,85240,540200.0,0.0105
43850,86419,87057,87401,85392,599060.0,-0.0074
43849,87062,89163,91837,85528,975010.0,-0.0236
43848,89163,89130,89823,88146,627740.0,0.0004
43847,89131,87267,90051,86759,794110.0,0.0213
43846,87269,88181,88500,86058,748320.0,-0.0104
43845,88183,88279,89040,86155,1170000.0,-0.0012
43844,88292,81112,88987,81112,1480000.0,0.0885
43843,81114,81883,81967,80684,610660.0,-0.009300000000000001
43842,81876,80233,81899,79731,595220.0,0.0204
43841,80241,81878,82629,80084,776750.0,-0.0199
43840,81871,78425,81874,76977,1050000.0,0.044000000000000004
43839,78424,80600,80659,77792,786500.0,-0.027000000000000003
43838,80596,81542,84364,79008,1190000.0,-0.0118
43837,81557,77591,81820,77541,1010000.0,0.051100000000000007
43836,77591,73726,77831,73667,786750.0,0.0524
43835,73725,73768,75010,73456,628140.0,-0.0006
43834,73768,73451,74331,72914,52390999999999900,0.0046
43833,73431,69671,74029,68841,936290.0,0.054000000000000006
43832,69670,71997,72096,69014,632780.0,-0.0323
43831,71998,71964,72594,71800,420280.0,0.0005
